85 102 136
1000 100 590
250 300 400
391 368 690
253 55 503
386 380 672
286 220 528
303 2 606
332 184 638
565 552 986
455 224 882
892 632 754
779 312 649
922 49 476
689 30 582
9 27 152
205 266 312
78 1 156
470 564 752
187 176 330
482 268 926
365 54 728
256 308 409
157 25 313
295 253 533
395 474 632
635 53 499
820 111 366
303 120 594
506 68 751
236 223 416
221 170 408
194 545 942
247 1 494
40 54 59
217 182 394
925 441 757
663 28 238
198 236 318
414 207 846
15 13 27
345 307 740
357 198 686
185 222 296
651 265 659
495 198 970
667 920 966
438 576 660
505 672 754
273 104 536
347 235 653
73 96 110
155 608 847
197 175 353
530 560 900
697 722 738
387 2 774
611 852 876
145 174 232
507 714 720
217 127 415
270 1 540
749 150 847
859 677 735
415 409 516
477 504 810
125 88 234
316 112 622
719 620 757
37 520 988
459 620 677
620 744 992
221 42 440
93 387 406
231 675 728
7 1 14
114 70 217
309 537 648
210 218 359
72 88 114
175 210 280
475 570 760
265 318 424
196 494 546
534 110 976
139 1 278
595 241 682
125 2 250
93 695 721
375 264 702
852 357 810
72 64 129
0