228 258 376
50 2 100
798 208 289
357 336 630
87 120 126
24 25 41
481 662 698
250 176 468
997 142 266
174 240 252
861 737 864
325 182 624
535 642 856
610 828 896
550 660 880
305 414 448
511 672 770
11 2 22
844 540 642
450 252 864
842 150 574
422 457 671
100 76 185
500 530 848
565 678 904
177 411 908
390 4 155
765 362 387
575 72 652
180 12 70
427 1 854
241 240 418
400 701 996
889 138 606
748 233 803
364 66 725
210 2 420
562 381 501
584 768 880
134 304 752
60 72 96
200 240 320
469 562 751
45 54 72
495 125 440
458 240 884
505 434 912
80 81 138
30 2 60
166 158 292
464 556 743
205 168 374
210 29 419
277 4 150
820 716 976
0