825
000101100101101110010000011101110111000010110001000
011111111000101110111011101001000011101000111000000010110
0110001001111011111111110010001101101100110000001011001100011101010011000001110010110
00111010100001111001001011
010100010010011101101001
000100001
1111100010000110010101010001110111010101100010110010110001000000101111000001110011
01011011110110110111111000000011111010110111110100010110011
001100110010100010010001011001111011111101100010
0011111000111101000010110110001000010000001110111001111111000111100100101010011000110110000010111
101000110000100110011110011111001101110010000010001110110111100100011011100
10010111
1011011011100010101100111100100011010011011111100101110110000000010000011
1010101011010101101110111011111001101100110001010011001
110101100011000010110
001000010010101001010111101000111111100111010001100001110
001110
011000010111101110011101100110011110100101100
100
0011111000101000010110111101010101110000
0000001110000100111001
001010001110100001011101101011000110000101100100010000100011110001101
001000111110011011110101000001111111111110011111111000101100
111111011
01110100
1101111101001101010101111001110000101110111
101111001000101100011111100101110001100111101110011001110100000111100111110010001011000110010
1101001011010
01101010011100111010001111011001101111000000000111011101011000111110010011001111011111111
1001110000000000110100110111010111000110011011001101101010110000101111
1011000110000111111001110
001001101011100000000011101111110010110101111000110010001
10101110111110100001001111110011001111101110110111010100110001110
001010000101010
011100011000
00010101000110100000111101100000000100010001100101101101010101111111011111011101000100100
1110111100010111111000101100010100011001
001001111010001110010100101010010001100101010
101011100001111100011010011010111010100100001100001110011111101110000101
000110001001101110110111000111110111101011010100011101000111
010101101011110001
1010010000010000010111001110101001000010000000111100011111001000110001111001100011100
000111010101010110011100011100010011111010010010101001
11000000011111001
110110101010001110000001
01001100100100100010011000001001111011110111100100001111010100110011111010111001111110000
00101010111110010011110011101001000010010000
1101000110000111111010101010000111010001001010001001101010100110010110001110
11110111000000000011001010011011010
1100111110111000001011010000100111110111100101011010100111001111010111101001010011001000101000100
0111011101110001010110010011110101110011011001100001011110110110100011101110000110100111
011111011011001100111001010110001101110011011100010100101100110010101010111
01101010001001000110111101110011111101100011111111001001101011011
0010101001111001110100111110001100001011011001111
0011001100100011000001110111100101111010100111101010001001
100001111110010100011010101110010100000001010101
00011001011101111110011111110100001000
001010001000011101
0001101001100110111101000110011110100000101000100010111110111110110010001000010
0101001110110001111101110110001100011100001111000001100010101011111011101101011011101001010101101
0101000000011001101001110100100011010010101010010101101101110000011010010

10111110011010001000000011001101101101111111
0111101011011
1000100100001000100110011101
01101001000000111101100011010100100
11111100001101010001101010000101100010
0000000011110000100111110010110000001000110010100101
11010101001010
110100000111010001011100100010101110100010101100000000001
01111100110110110011
11010101100101101010101000011101100011001100001001101111000001110001001101010
0100010101101111000111101110101011001101001000
1111011011100000011001101100010101101000000000110001111001000010001111100110
00110100001101000011110010001110101110
011011111000011010100001100000
110010000100110001011111110101101101111101110001101010101101011101
000010101101110000111001110110000101
0100010000110011100000000001110110001011000010001010100011101100010000001000000101011111
01111101000000100111000101111111100101000110100101000100000000001001
1111000111001111100111001101011011100001100101110
000000110010100000011010011010000100010110010101101100011011010001001111110000101101
11101001001100
010111101001000011100111000
10100001111010001011011011101001000100010011010101011110
1111001000001111111111010011101011111100111100111000100110010111110001
0
001010
111100011110100100000100010100011100
01110011011001000010110110110010100010100100100001111010110000110011101
001010011010101011100101111011111010110
011101101011100011111101011010101
010111100111010101101011011001100001001
1000100001111011001000010001101110101111110101001010000010
010100101110010101101101111001000100110111001101100111011001111110110010101
1001000
0111010100001111011011100101001110101111100100
111010101101001011111100101011011110101110111100110
1000010010111100110101100001000101001
1100001001111100001101110100111010
11111001011111011000010011101000101101110001110001110101000001101110000000001000100010110110011111
01010101001010010010111
01001110011
100101011100011001
0111111010110000011001101010100101010111000111111101100011111
11011101000101010101001011011001001100111110011011010001100001111011001111
00010100111000101001001001001100111111001011000101000010000011100111100011
10100001011111010111101001010
01110100110101100100100001100001110010011100011000110010
1101001
111011100110111010101010111001100100100010011010111110100001101111000000
0100000010101011011111000101110111001101000000110011011
1001111100000110001111000101000
1100010100
0001011011011011000101
00001010110001011010010001000011010111000111011100101111001001111010010000001010101
00011111001100100000111001011011011011110100011010110101001001000010010001110000001111011
001001000000011101001111101110110111111000000001011000001
110001000001000111101000000011001001110101101010100110010000011100110001110110100001110111
00
10000101001011001101000010100111000100101101001
110100110011100000011110100
0
101001001111000011101001010111010010001100111000000011101101101100110101000101101011101000111000111
0100110110100011100101101011011011010110110010010000001010010111111001101110000011001001000000
1011110110000010101111011001110111100

00101100000001100011100011000111101
1101101111100010111101101000110111011010100101110101011
01101000111110111000101101100100001011101001010001111001000110
010
0110001011000111111101001010101010000101101100011101010101000010101101100101001010101010111
1100100000011011010000100011111
10011111001100001110000100011100010101010101010000101011101101011011000
010111000001001001000101101001110111100001101001000001100000000100100011101111
01110101100110000110110010111010110100100001
11110110010001010001100001101100000001100010011101111000
100110010101
010101001100100111011100101111101101100101101100110010001010000001011010000110010
10000110100011000101010101111010001000011011001000100001011100101000110010110011001110111100001
0010001010010010101110100010101110111100010111011101101011001010
0101100010011011000000010110001010011000111110001010111
1001111011111110101010010101101001010100001010000011111110011001000110100100111011001
110101110000101000101111101011000101011010000111110001101001
011100010100100010100001010001110100110100000
1010101101010100011111000011010000001101110010110001001110111000010011110001000
01110100100011100000100110000
00001010000110111010110001101000010111010
0001101
101010001010111110011101111011101000110101010000001011010001011011110010
000000011000100000001001011110110110011000010010101111111001011111001110111010101000
010000101110111101001
001000100010101100100001100101010110100010101001111
001011110110001100100001110101011101001011000000010101100000001010001110110010101110110111101
11
01111010

11100100010011100000010101
11010011100001011000110011001101100000100011010100100010000
000010010010001011101000111101001100001011000010000111101001100111
1111111011010001001
000101111100111001010010000011111010101000001101010010110000100111000000100000000001

00101010100000010101111
0100011110010011001111101001010000000001000010001101111010010011010110000101111111111101010
01001001100101101100110111101100100001000110010010001011110010001101
011110110010010011110001100000110000100101101100010
110000011100100110001010111010011000001101111000110100111000001010011101101111100101001110110110
000000
1011101
01001110110111100100111001011111110110010010100011000010000110010001101001011101000011110011100
111110001111101111100000011110010101010010101100111101000100101
011100101
00111011000000101101100111100011110111101101001011110100110111001110010110000100111
1000101001011010101100110000101001000
00101111010101100010011110100001000
11011111111000110001001110001011001011001011101001
1111000111010100011111001100011101111101
01100111000101010101111001101100000001001100100110
110111100001111101000110101101011100000011001101110011110100001100010110001011010110011111000
11010001000000110011011101011000011010
0110001101
1000110100111101011001111100101000101111101010110010110111011101
0111001110000101101100111100011100001111001001001010000111011110011
11110100111000011001011110000101100101110100010110000010
11011000001000010011101101010100
10101101110011000010110001100010101101010010110001101001100010111110111000
011110001011001110101101111011011111010000101111110100101010111110110100001101100010100
00111101100011100110010111101010001010111101
01001100
010100111101101000001010011111001010011011110110101001100001000011011101011000110000011101010000010
11010101111001010000010100000100100101010110001111
0011101000110011110110101000000100111111101101111
0011101011011111001100011101101111010100111010100100010010100100110101111101000000
100010010000100100000001000111011000100
001000
100001
01001111011001010010111111011111110101111001000010001101101010000101110110
01111001010001111010001111110001000000111101111010111
1100111000000101011010100001101101101001001000101101100101000010011
1001000001011110011000101111100001110101100101011100000000101
10000010100010010111000111111101000001101001110111001111101100
01
00011010100110111
011000011011111010000111011011
0101111111000010110111001010000101111100011101101101011000101101001010011110101100111001101100010
11110011111010111111111011001010100101110111
000101000100110100110110100111001000111
00110100100000011110001001111100100110111001000101110110011100110011111101010
10001110100111101001100011011110101
001000101101001110
0111001000100000100100110011000000011110100100111000111011110110101110110101001001100000111101
101100010001100001111100010101011111111101001111011110001000011011100101101001111101100010100001
101001100
01011010111001001011101001111000001101001111101010101101001100111110011001010111111111101010011
00100010011110111000011110001100111111000110001001101110111
11111000100111100100000010010000111111
00000101001001110010000101000100001110000010101001
00010011111001000
001010100001101101000001
011100111010101111000110001000100101001000111111011011101000000010
1100010011110111
011011001111110111100001110111111111111100111110010101010100010010011000101010110111111011111100001
0
0110000010010100000100000100001001100010110
0010001001101110111001010111101111001011100
011101111010011100111010100101001100001000001010111100111100001011010101100011111000111110001100
001010011011111001000100110111110100000110100101110001111001110110
000011011111001101100000000111100111001100111100100110100111110000010000011100
1101111000010000111101011000011101011000100
011000100010101100110000011011000111000101011011100000110010010101100010010000110010110
001011110100100010011010
10010111100111000110000000100110101100100
110010111011010110110000010010000000010010100111101110001100
0110000
001001011001010110011100010100100011101101001001001010001001
10010111001100
0
11111001010100111100111101110001000000001010001010001101010010001000000111101001001
1101000111
0110100100100000111000010001010011011011100011
0000100110001111011010110111111010110001000111100
0010101111110110000100010010001010000001000010111001010111000100110101111101
001010111011000111010101011100101010101010001011100010110101011011001100
01111100100010100010100110001010101100111
00100011101001
01010011010110011001011110001000111111000001001010110100001110111000010010010001101001111100011100
011100011000010111
0110010000101111000010010
110111110011001011110000101000001011001000010111101100011110010111000101101110011111111
100100011100000011010000011101000110010100111011000111001011010011101011
101110110011010001
0010000
01110110010111111110011010001001110001010110101110011011000
10101001110001111010001110001000100010000010011110001010001100000101
100011001101011010100010010010100000011
0101111101010010111011100101111010001011001101011000111
1
001110011001111001111
10010101000110101110100111100011110001111110111111000111010111011110100011011111111
1000010
010000110100010100011111011110000100100110001
10001110000011100010101001101000000101101101101101101110110100100011011100111111111001101010000111
00111011100001011001001111010
1010001000010101110010000110010001010001010001110100110001001010110111000001
001001001111100011111110010011110111011011111001110100100011001100100111001111
01001101100110000000100001100110111000000001111011011001111100001111110111111011000101
0001010000010011010010000010100100
00001000011000010011011100011101101
101011
01101101000001010011010101001100100
00111100
1111110110001101101001101011000001011010
1100110010
001101010
0
0100001101001010000011000010111100110110
11111101100101101100010100101
0110001111100101110001100011101110001010110011
00
100011111111011101110101101011100011100011
011110111111111100100000100010011001011000000
10111100101100100100101100100101110001011110000110010100110000101000111001100000011101010010
0110000001001000011110001011010111010010
0111011100100
010011
110110100001000010110011110011111000100110101100101100001000111001011
00110101100001101
00000101111111100011111
0001101010000001111000011
10110001011000100000101110110101101
00000001010100001001000010111001111010001000100100111000
11101101101110111000100010000011110100010001011
0111101110000001110011
001010110111101010
010011100011011001000001001110000110011001110010111111011111110011110111011
001010100101101010111111111001
000010001110110011
1110011100000001001110100
100010001011001011010100111100001110111011111010001001
00011100100111111110110011001010
00111111110101011010110101111010110111011111000101110010111100111011001110111001100001011100
0110011101011
111000111001011011100000011011100011
1000010111
0000111000101100010111101100001101100100001
00111010101101101001111
00111111111001010100110010110101111000011011001000101110100101011010100011111110111011001001111
011100010111110011010000001000000110
101001001101110001001111000100101101111011001110011110101101111001000001011
0011100000001000111011010101011110100100011011010110001001110110100000
1101011101001110101011100101101100110110111010110010010100111101110101011000011010
011001010111111010101111101100000000001110011111111
011010000000011001100111110100011000101
01100
010000011101001010001111011000000100110010101101100000110100010100100001011001
100100011010110101011001100001110000000110000
0101011011
00001010111001100101101001111001011100001011101010010110111110000010000000001000111110
01111011011010000001101101100001001011111111
11111101101000001100010000001011100100001001000000010101100111000011
000000000111010010010010101
1001100110011001110
110111111001100011000000010
10100110001010101000000110101010
1111000000100110001111101
0000100100010111111001000110010110101
0101001100000111101111010101101111001011111110101101111
0001001000100001011000011010
101111010000
01
000101100111101000001
11101010111101110010111000101111101111001011
11000000100001110000001011100010001101100101001011010000001111110100101101011
111101100011000111011010011001010000100001011
1101001011010001011111
010100101000111000100101000110110111101110001001011110111111100111001101000100101110
110100001101001111
10101110101000101011111000000101011010110010010111001101100010011101000
011001100010100011001100011010011101111001001001111001101110100011101011010001
10001100100011001011011101110011100111101100011111110101111011111100000100100101
110110001
00001100000010110011000001100110100100011000101001001010
0110001
100011001111010100101010000
10111101111110101001010011000010
01011001110000100
1100000010100101101011101100110110000111001001000110001000110001000110010100101101110001010
11010001000101100010111010010100001
00000011101101101101011000101011010110000001101101011010010110000000111010011100
00110100001101011100
00011001100111101010101011001011110101010101011111010001001001010111000
1011100011101001000001100000100010110000001000000100010100101110000100010
00110000001010111101000010100101111100001110101000011000010100010
110000011000011100001111
10110000011101011111000000100100100001110
1001111001100100001000111111001100101001110000010001110101110001000001
001100111101000000010100110010000010011110011100110010000
11000010010111101011010011011110101101010
100010010010110010101011000101011011101111011110010001100001011010110010000110011
100010110001001001100111
110100100100110000110100110010111111101101010110110011011100010010101
100011011001101111111011011011000100101011101101011110010101010000100111
011110111111010001000101000000001000101111110
0000000101101011011100101111111100010010011111110110101010011010011101
10110111111011111001000101110100011110100000010010001100001111100111000010000000
00011110111111111011100010
01110010010001110001011100010011011000011111
111000111000000111111101000100111011111001100010111100000110001010111010011110101111110001
1010010011011011111111110001011011001001011010001111001110111001100011000110110000011111
1011011010000010001000001100000001000101000010000001111111111001111001
010000110000001011100001101100001111010011001000010100001011110110010111010010100000111
011011001010011000010001001101111011011100111111100
110101001000011001011110001010100101010100011110100010011101011001100
1011110011111011000010101001
0010010000101100101011111001110111100111010001101010001000101010000101
1000101010000000110101010001101110000100110100011001011001011
01000010000111111
1101101000110101010011101
1110
01001011011010000010011101101110011011010011111000000011010000111100101110001110001110010101
010111
111000111
0001010101001111111011101011101010010001100011010101101111010111100101011110100110111001011
1111111111001111011011110000000001001000011011000010000001010011010111001110
010011100
10100100011101110001111001110
00000111110011
110101111101111101010110000001100011010001001010101000101011001101110110101011000101101111010
0010111101100011010110001110100110011010010001101001111100000000010001000001000
11110100100000001101001110001000010001000000010111110110011000001110100000010011
1111111000110101101100101101111111
11001101101010101100001001111100111111011101011010
1011100101000000001011111100110001111101101001110111000101010000001100001010101011000111011010111
1000100101100000111100101101011001101111010111110100101001100101111110101000010100111100000000001
00100110101011001101110101000111010
1000010100100111111000001011000000111101000000010110101101001000100101011001111100000010001
1111010001010111110001100
10001111000000111000111001101011110110010010101001001110110000001100
1001001001001010000111101000111111011
10000111111000110101001100101011010110100000101100011111110
1100110011101001010010101110000011100111111100001011001101011001011110111010100111101101000011
101011100010101000000010110111000010111110011100101110101011011101
100001001111001001110010101001100011111000000000001100010101
10100011111110110110110010100110
10011011010000100111000100111011011001011101110010110100010001000010011110
01110110010001111111000001101100000110110001101010010101100011110110
0111111100
100010001010
01101110011010111010000010110110010011100111010111110010001101
11010000000000100011000001011000110100110010110010111111010000010011001000100011111111
0111
1111110111011100110111011001000101110010111101101000111001110101100111000110000011000100
001011100
0110000
000110100
10100011011001011000100110110101010111010001001111000000010101000000000110101001100100011011111011
1011010111110001101110000010011110011001000011001100001111111001011000
101101010100010001001011110010100000000010110001001011110011011111011000111111010110100100110101
111001001110010000000111001011011001
011001000001001101111100010101100110011110001
010000110010011111100
0010100010
00110100000001011101110111101001000010001
0111111000111110110
001110010101101101010111111010001001100111111001100100101101000011001110
0110001110101101101000010011101001010100101101100111100100101100101001010010
110001011000001100011111101001011010100010100101101011010110111111100110111001000110110010010111001
1110111011000000010001100
01101000101101100
101111000101000111101100101110001110000000000100010001
000010010101011011001100000011010010011011000011111100101011001011101010101000010011011011110001
01100011000111100010101011110001000010011110001111100001110010111
0110010101101001010101110000100011111110011101011010110001100101010111111110010001111111010
11101101001000000010111000101001100011011011101000000101011001010010100011101011001001
1010010100110011000111101100101100
10011111010010100100010001111110111111011101110111001000010100010110111110000010100000010111001001
0010010011100100111111100100011100110001000100110101011
00010110111000100110000111101111111010101011110000110100100
101101000101001011000000
00111110000011100011
10010100001011000100011101111101011000110100110011001000111011110100101000010101000
11010111101111010111111100110000000101010111110011000001101
101001000011110111101101111110100111010110011
111100011110100001100100100101101010110010100111110000000101001001000010
00000010101011
10001101010111011111010101001011011100101101011100101000000010001100100000010
10001000111000001001011101111111001101000000000000
00011101
1001110001010100001
10110011111110101010110110100101000000000110011100001010110000100111011110101100001010110
1011101000101100110011101001110101010000
000111001100000110000

110011001010010001101101011011110110011010011100010110011100101
0100011001000101110101100100101011010100100010010100001011011
111100100001111001010100100111010010111111100101111111
1110000110001010000100101101101101000101
111010111111010001101101110010110011111010101000
1011111010010101100
011100111111111011101100100000011011001010101101101011101000101001110001101100001001001
110011110100010011111
101100111101101000011110001101000
1
10101000101001100011001001100000010010001001100111111010000111001100100001110010001000111011101000
011010000010111010010000000001010
0010100010001000010111001111000100010111110011111101000011110101101100101010
011001011100101001110100000001100110000001111001100101
1010
101100010101111000010001111100000011011011101111101001
111001011001111000001111100000101100111111001100000010100111101000010011111011100011011011
0000001000000110000000111110110101001111101010010101010111010011100011010100
0000110011101010000001000101000100100101010000100110
01111001000111111010011011111111010111110101100100001111011
010101110000110110111001101001010111010100010010011001011111
100100011
01111011110011111111100110010010110110111001
101000101110001111
111100010100010110110100010101101100
01100010011010111001001010000001011111000000011
1010111000110011011100110101011011001110000110000110111101011111010100101101001011111001110
111010001001101110010101010001001111
010000010100011101
1010100011100001110011111010111010000011110110001101000101010000101010001111111111101111000110
1111101011111000110011111001010101110000
01000010011000100001011111001000
01001110001110000101010011001100001111001000110100001010000110111111110100101101101011
0111011011111000001100111010101111001000101100011110001101011001110110110010110101111001101101
1010001000100011000010011001111000000111001111010011100101001101111100011110001010110
1100000111110010001010101101110000011000111
011010000100111110000001000010001
0110001000110101110001111011111110110101001100001111000011111001111100011101010110100011011101
110000110110101

0010001000111001000000001110000001000001000110111000111011000011111110
1110011111110010000010001000110001010101100000000000111011100100110100001
111
110100001000101001011
11111101110111101100100111011001010101100111100011000011010000111101001110100010001
00000111001010010000011001110100100101110
0011011001
00111010101001101011100011010100011010100111100110100001110010000111010001000
1001110010010100010000
1101001100010
1
11000010011110010010000101001011011111101111111010111111000110011111011010001111111000011001111001
101011111111000010000010000001101100000110010100010100111111010000100101000
01100110011000111110101111110110100111001010001100001
11001100000110101100001100010110111100011111
0011100110101100001001
0000110011111110100001111010000001010110001110100111101111001001
10111001100000001111111110011010011010100011001010010111101100010011010000101101100001000010110000
100100111110111001110111100010101100101100111000011010001110101
10011110100101111101011000000011110100010111101001010
001010010111110010100001011011111111100101110000110101100000010010101110000001100001000111
1100010
01111100011100011011000100101110000010100011000101101010001010
1001010110
111101010110010000011010000000000000011001111011110110001010
10011000
001000111111001110001101100101110011111101100111010001101011001001000110001101011
00101000001010101110111101101001101101110100001111110001010111111101000111110110010
010000100000001001001100101111000100101001100100100101010111111001000100110011011001101
01110010010011011010001001111101101011000011110011110100000110010110101011110000
1000111100010111011101001
10001010111110001011111000011101001010010101000100000111100011000011
111100001111111001001011011000010001111010110100111111101001100001100101001000010
1000100100001011110001100010000101010100000010000100
010100110000011000100010001100010
000101000001111110100010000010010111100000111001101010110011110
110011100010100101101100010111100110
001100010110110100011010101110100011011110101101000011
111110100110100101000110111111001100010110110111001100010111010
0010001101100110110110000100001010100101010011100101110011
00100100111001111010100011110110000111011101110110111100000011010100000110
1100101011110011100110011110001101111000110010110100011100001100010001000110
101100110101000010111100000100010111101110
000001100110011000010000000011111011110001110011011000100101

1101
010100111000001101110010010110000110110000011101101110011010
000001001011011111010100101110101100011111110101011110111111011
0011110110100110110101111
110
1110011111110000010011000101110001001100110110100011010001100101000101010010111010001010
00000111001111010101
0010011100011110001011000101110100110110111100010000110011011010
010011011000011101101
10000000010110001001110000010010001000111100111111001000110101010111011111101010000010
0011100111101000111110011010111111010000011000110010100111011011101011001000100101111010100100011
010110110010011011010001111010011101101100110
100000111000100011000000111001001111000011011010101001011010101110010
1011101001011000010110011011101100101001101110010010100011001101011101110
00110000001110111000111010
01010
01101011100010011000010101100001111000010000101101001001001111110011
1
00101101111
11100010000100010010000111110001100101010001010010011000100111000011000110001000111110000100
000001110101100100001000100100010101101010110101011111100001
110010001111101101111111100101000100101111011101000001111011101010100101000011111001
0001110011011110100011100011101100001001001010001
110000000010010100110111011110110101101110011100100010111100110101000010000101010101010101110110110
0010111110010111010011011010110110100110101100110110100000011101011000110111011110111011
010001010010101111101001010100011010110101110100000100101111
1011100111001
1111100010101001100111100111011111000101100001100010101011100100111101010101111
100111000001100001100001110001101011100
0011101010111110101000100011111100001000111101011011100111100
1010111100
001011000110110110100101001110011000100000010000001011111001111111010000110001100110110011001
11100100001011011
110111101101111011
0101111001110010110110001111101101000
0
10001111111101110001110111000101001111001101111
111010011110111011010010001111010001100100101101111100001011011011010000100100
0100010101100011111110111101001011
11101110110100111001100100110011011110010000000110101110100001001001000100100100011010101
0010111111111111111111111100010100010011001100110100111101100101110010
0000000100100110
00110101011000100001111100001001000001110011011001110010101011011011100000011011010
100110
1010101111010011001011110000000101001110011010000100110001110100110011001111101011110001
10001010111110110110000000111000011011101001110001011100001010111
0010111101001111000111000111100101000010001111001111010000010011101101111011101111
000010100010001111000001
001000010111110001011000100110011000011000100101100001101101111011101000011001110101
111100010111
0100011000111010111
101001101110001111100111100011101000110001001010111100011
010101011001011100110001110110101100010011001000101000100011101111000011010011010101100
111110000010010000010000001101
11101000101011100001000001000001
00011100000010000001
010110001000100011101111100001000110000
0
11000010111001010100001001110000100100101000000100010111100000010001110001000001000
1000101111100100101011101110001100011
11011001001011001101010001111100111101010111101110111000101110011001110110001
001110011001101110110101010010000
00100000000111111101000101000101010001000000000100011001000110110101101011000
1111110011000000010111000000011101101010101101011101010011001011100111101100111001011100100101010
01001101101110101010100100011111101000001111001110
1101100110011110001010000100101001001110010101110111100011001110100100100
000000100011111011100101010111000111000001101110000000000101010011000101111100001111000111001
11100011001110001100001101100101101111111001101
01111011010100110011100000110010101011010011110111000101000111011011111010011011110010011
001000011110101111001001010
0001010010010010011110011001101110
101101001000110010111000111101010
1101110101111110010011
0001100111100101001010010
11110110111000011101001011101101100001111101101010010100111001000101110111010101010011101
11011010001001100000110010100000011000101000010101100011100100111101101101111011000110
10110000011000
00010000000100011000101110000010011000010
10101111001011111111110111101101101001001111010001111
100111011111011110011000011000110100010110001110100100110111111100101110011010101000111001111011
01001011000000010000011010110001101100010111101001010011100111010111010101000110001110
011100111001100000
00100101111100100110110100111001010111010010010111101
001010101111110111111101001111111100
011101001011111100010100111101100100000111000101101011011010100011000100010110110111111001100000
1111011011101010100000100111110010110000100001100011001100001100100001101111000001000100100
0011010011100011011100000111111000100010000111001010
010111101100000100010110001100111001000000011000001111110000011011101
100001001010001110111
101011100000000100101001011001001101100111001010011110000100100000111001110010101001001100001110
110110111100011101110110100011001011100101100110000011010101111100110010010010
001100000110000
000101111111100011011000010111111101111111000000111000000101111011111101
01000000100111000110111001
1011000101
10111011010111111011001100010101011101110111011000111111001100001110
1101000110101101
000101100100001
11110001101001011
110110110110000110010
01110100101101101101110011100101011100101000100111101110
0100111
11110001110100101111101
01111101011000
01010101110111001000101100110001010100001111111101001001101101101001010011010010100000001110110
110101011100101111011101100011111101011011011001000001
0000111011001111001111011011101101100001000101
10011101110110001111010001001010110011110110111
100101011011011110000011111011100101110000111011101001110011000101
00011101010100011100001110001001111001101001010101111011111100111001011011100111
1101101010000
010011110101110101110111111100001110
11101110
0011000110001101000000011001000111111111001111110011100
01100010110010000100001000010101110010011000000110001010011110001101001000010101
00001001110000000101011001101001000100110111011010000
1010000001000100001011101111010101000011010000010011010000010001
1011000011
00010010110001100010101111110110
111
010
100000010111110111111100011011001010000000101100100001110110011011000110
0101101001101011111111101110011100000010111100111010001011000000101
1011001100010101
011111011001001100100110011111001011101010001110010000001011110101001
1010010011010
1110110100001000000000010011001
0011100010111011
00110100110001000101101100000
001101101000010110010
110110110

11111101011001100110000101110001010000001001010111011100110010011100110110111100111011101101
11011111001011011010100110010011101111000111010011010100110
0001111101010100011101010000110001011111000000011101110100100101
01111000010010100101011001010001001110110101011001011110101100010111010100011
010100101100010100101000000100011001100101101000101110101101010111101101001
01111011111111011100010010010110111100101110011000010100001011111101010001000010011010001011
1011101110000000111111101000110111001110000000100011101011111
110001000100000110111100010010101100010110010110010011111011100110
10110101110110101000011010001011000010001110100101110
0100001111100101010000100011100
1011001111101110100011110011001101011001011100111011010101011100111001010010100101101100010
011100110000101000010101001110100010000001011
001000101011011000011011
01001001101011000101010010110010110110010110110010111
010001000111111
010001000011000110110000101
010010001101100011101111111101100011110000011011
0010101000011100010111010111000100000010101101111100100000000111111111110100010
100101011100010100000110000000111111010111110010
010011011001100000000010100001010000100011010
1101111001111100101001011110110101111101000101111100011010
10100010
010100110110001100111011111111010010
01100101000010000000110101001110010000011001111010100101011000
1100110110111100001011101010010001011100110011110001000010011001100010001110101001010101111000
0110
010100000110010011000111011010010001101001001111101111100010101010111010
011011101101011010001110000010010010101111110
011101110111000111110101100000000010000
110011110111110101110101010101000110110011010001011010111001000001000110001101111011
1101100000011101100111100100011111100111101101111000111
001101110101101000001111000010110010001111111011
00000
01110111101110111001010110101001011110010100010110100
0001110011001010111011011011011
111001111111101000110101
1011
000101001100001000100111010001101111110111110101001000010000101110
0111010001111101000000101001
111101000010000010110111011000111010011011000011010101001001010011110010110000111
01011110111110110011011111000
1111011010010011000010000011011001100010011001100001011000010110101110101000010100011
1100011011011
00110011101100010110011000111100100000101101000011001100100111011111100110011
101000000000101100000000000010101010110011110011001010000101
11001101001101100011101010
11000010011000111001111010100000011010100000110011010110001001000001110101011
1011000110100011100100010101011010110010110000100011
0100100001011
100100001000100001010111100011101011111100001001000010000011010000111110101101111001110101010
0111101100011101110110111101101000111001110111
011000101111101001111110000110100000011101101100011100000101101001000110110001000000
10111101000101000011110100000110110101011110010111000100111001001
0111101111100
011010011011010101000
110100101011
01100011100
0111101010010010000110100101
0010100000000010111110001011110000010001110011111000011110000111111010100111111101010000010011
10000111000101110000010000111101001101111101001100000000001
100111111110010011000000000101000001110111111100100111100000111101010000101011101001101111101000
011011111001001100100011
01100111100011110100101
00010111011110011011100001000000111001000111010001111010010010001101011111
0101100
1010000000010010001010001100111010011011011
01001100100110000110000100100010001110010000111001011100100111100100001
000001111101101010000101001010001110011011110110110111110001100101001110110011001010
1011001000000110110101111111100
011100010111101111010001110
11010010101101010111110001111101
0010110001111111000100100
010000110010101001010011010011100000010110101111011101001101111000101110000111
0001011011010010000101001011011100
01000001001100000101100100101000001001110010010101001001
100111011101000010010000010110001
00001
100101001
000011110100001101000111111001110101000010110110110100
00001010111001000010001000110010011100001011010010011010011100011110
101010111111010010111001101110010011001010111100100110000
111100011101010100011110101100010100001110100111100111011100110111
01110011000001011
0001010001001010111001001010011110010000100010110000000010110100101110110100011010010001100
0101010101010101010
00001000100110111011110011100110100110110000
001100100110001011100001010111010101110000100010111111110
101000011111000010011001010110111100001000
1001000011111010000001
000111011011010011110001011100110011010000101111110001100011010010101000011110
10010111001111101010001010100101101000011011100110111010001011000101111111001100011000
00000001111100010110111100011101100110000110
100011010111100111100000010101110111100000101001
00101101000110000101111100101011011110001000111101110110010101001110100000010111000101011000
100
1100110001011010111110100001101001000011010011111010100101110000101001001
1110111001101110000111101101101100010000010111010001000010101100010010000101110100110
101001
11010011010111011110110010100111110001100100110001100
0100001010101110
011100000101000001000000011101111000001010000011111100001110011010110000101011100111100101000010101
011010001001100101
100100010111011010110100110111100100000100101110
001010111011111001110001111001110010
1100001100101101110000111000101010000100101110011110110110111110111111101101100011
00010010100110001111010100111101011100100000010101110111011100010000011000
01111001000001110101
1100110010001000001010110
1
11001011110101010011100111101010001011110100001001011110011011111100
010011110000000100010011110100000111111100110110001
0111010101100010001010011100110110000001000100011011000010101111010001
01000001010100000110000110
11110110100010
101000
111110100000010110001011100
00110010010010001011111011010001101
100
100011001010
101010101100110111100100100101110100011010100010110011100
0001011001100010
111111010010100011011001000111011000111100100010011000010011011111001010110000101110101101110
011011010100101011111010000100111101010101001101001
1000010011011011101010010001101000100100110101100000100100110011010001110101100001001100010110
1001110011111010101
100101010001011010011101
0001001101010010100000101101100100000
10010100100101100011000001110000010100111101010101000111011
0110010111001110111100001010111001100010100110000100000100110000110101
010101001000000110101100100101110110001111000000010111101010000100
1010001011101000011100010000011011
0111101111101011000001110010111001111111000011000101010000101011100011000100100001111
0000001100101110000001110011100010111
001101011110000010001111011111000101000011010101101011001111110001101010010110101001011101110111
11011100010011110001100111011111000011011110111000101110000010110010101100010101100000100010
100101111100001011000000100011011100000000000010000101011110000010
11110111110101011111101010000110010001000001000010000111001000100100100101011110011101010010101110
0011110010000
101110111000110100110110110111111110010110101001001100101111010100110
000111110001000110111111011011010111010010110011100000
0001011110010100011100000100110011111010011001
110011011010010101101001
101001101001111101110100101010010000
000011111110
100011001
01111101100001111001110100100100110110010001101011111110111000110110010110000001110010
111101011111101010001011000011110010110001000100010000100000111000101010100010001100000001001101
1111100001110011101101111111000110000110110000111000010011000110100010110000011000100
110101111110001101011011010000101111101111010100100100
0011100100110100011111111111001001010000100111110
1110001100110101101010011100001011101111110000010101010101
1000110101010100010000011101111110011110001010010
10001000010111001001010000000010010110111001111
1010111101101110101100110111
