141
10011101000010110101001101
1010000010011111111100000000100101001111000011100101010011000110
0100011000111000000000
0110001011001101100111101010000101011011100011011001001010011001101001000001
011110101011010000101110
10010110000111
001010010110000110011001110101
01111101001100
101000100101111000001110001111000001100100011110000010011010110001111001110000111101
0111000010110011011001101011111110100100010111101011110111000
0100111101011101101010000001101000000101
1000100101111100110110001101101101011101010000100111100101001010000100100000110000001011001111101
0111011000011101
1011010110011001111010100011001111000011000001
10101100100011010000010101111111011101111000110100010011100010
000010001011001110010101110100010101100100011001110110100010
00101000110111101110101010101100001001110001001110101111111001100100011011101010
11001000010101110111011100010001110010111
11000100100110110010101111111000000011100001000001110000001100110
00010101001100010100010101011110010110111000101110
111011000011011010111000110001101010
001100011011110110111010111000010001010001110010001000100010001100011001100010100111
00101010110010110
001010001011000011110101101111100011100110
0
01111010100010101110011011011
1111100111100110101101011101110000000010001010000100110001001001
0011001101101000001001110000100001110110001001
100010011111011011110
1111011101100110110
111001100111101110001100100111011101001001001100011
11000100101010111111101111101101101111110111101100001011001100011101111011001
1010001010100001110010110110001100001010000
01001111111010110011111101010000011010011101110110001010100
01001110011010001000011001111111001011110110010001000
10010111110011011100111
000110001100011000111000
1000110111110001001010100110110110111110011010011110000110010000001010111110000100000100000
00111100001110110111001110000101101111101100110110110001011010001110010101
0001101001010111110010011000000010111011111011101100111011000000
111111100110010000001100111011010111110100011011100001100011100110011
1000010
0001001101010011010110010010
01
0101101011111101001110100101110000000000111001001110011010111010110111001
101010001110100011111011
00001011110011011110001001001110101111011101110000010011100111011010011001101100
11000100011110111010001001000001011011100010111110010010001110111010010111
11100100001100
010000010101001010001
00010011101111000011010001010
1000100001101011010111101100110001011111101110000101011101000000
111100010010001111010011
001111000100111000101100101001
0111101100101010001101010101001110001110011111000011010100011010011111010100010110000010
0000100010010110110000011101101101000010001
110110000111100101110000000001101001100111100110010110110011110101001111
110101000010101011111101001000100111110101100110011110100010101101000
10100001111001001000111000100111000111000010001010010111101111110000111111010
11101010010110000011001011101110011100101101100000101000000110101110111111101100011011001000111
000101101100100101011
00100001000011100101001111110110001111111110000110000000111001001001100111101
1100101001101000111000010000
011111100110101000010010000110111100010011111100100111101010010
1
00101000001101110101000000001101001101001
100100001
101100000101100111011110001101010111010001111001000100110100000010010100111101111000101
101000100000001100100011111010010101100100101101111100110111011101100011001001110111
10110111011010000011100000101101110001011111010001101111010100
01000110101000011001001011110011101111100010101101011101011111001110110001110110100110
11010011011110111001000011110110110110010000100110111011010010110010
100010000111000010110101111011010111
1
111001001111100100111111101011101000011111
10010101110001110010101011100110000110000
01101100110110010001001110010110010110101101000010011111000110001001111110001100011101111110111011
111001110111
001011110010111011010110111111010100010100001010000
111110011101000101101010111000111001101110010010000010010011101110100001
0111110000000
10110100011101100000001110011111110001110000101100001101000011110100100
0101110011010110111001011011
1010110100111010110
00001100010
01101010010000111101001010101010110110110110011011111111100000011010011000001010101
111101010000001101110001001101110111100011000110000010100001010011010111101111100000
011100111010011000111
1110010111110000000001111001100001000
001001101010000001100110010011110100

00000001001100011
11010000110000011111
111100111001101111100010101010010001110011101010000110011101001001011
01001100011000000100001100101000011100111001111001000111001110111010011010110011010100
0001101100100110101110101010010100011111000110101011001101001100010000000110000101000
11010011011111011010011100101100000101110000010000
0010000110001001100100001111000010001001111001111000100001010001110101011
001001110111111100111010010100011110001101111001101000110100100100101110111100000
101100111001100100
10001100000010000001
1101000110001011000100110001010001011111010110001110001101111000
1110100
010101111100010
011001011110001010011101100101100110001001001000111110110011001110101010001111000100011110100
101100101011011101100
010001111111111000110101001011011101011011110001001101001100001
01010111100101001101000001110111110101100000110111100110011011111011001000000100000011100001
110010111000010010111000000011001010000100011
100010010010001011000000000101000111000100011010110110001101100010100100111
1001110011110110100001110
000010100111
11110000111001001111101011000
000111111000010111010001000111
001011110000110010100000010
01100011100010000110011001100110101011110110000010001011110010100011001001001000111000
0001011110100101000001111101110011010000000101011101001100001111010111101111
000011100011100100001101000100110
101111111010001110101111001010110001010101001010110111110111100001000101001100101010010100101
01111110010011111110110101111010011000100011101101
111101000001011111011000110101010000010111100111
0000111100010000100101011111011001010011111111010
1101
10111100000101100010110000111101010010100001011010100100001110110100111
111
100011000111101101010001101100111110101
100000101101000011010101101011010011000011110001001000111010100100
10010110111100100111000101110010010101100100111101111011100001000011011010100000011
1100000001100110111001100001101100011110111001111011110001000010000110110011111010110111110101110
0101000111101101110001011111100011101101000100110100110111010001110110
011010110101111001011010000000001011111000010001000010100100100110001100011011100
1101101011011001111000100111001111001010001110100111101011000010100111
0100000000010010101010110101111011011000010110111101110110111001011101010001
1011110000100101100000001100001111
0001000110101
110010010100010000001000
1001010011011101010001001101001101100110110101101100100010100101110110101000011111100110110101
0111110110110000010010101011110001001101011001101111111111111110101001010111010111100
110110110110000100111111000010001001101
0111111110010101010111110101001100010000111110101011000001100
00110011000110011001011011100100011000
