135
111101000
101110000001110010000100001111110010
011100010010010000100110101000111110111101110010011111111
10100101110000111110011000011011101100000000001010000101101011
1111001011110001001001111010110000011001001101011100111101100110110000011110
10111101000101110111101
01101001000111001111100111101100001100010011011000010011010101101001010
101101101111111010001111010001101101111100111
11010111010111000011110010100110110101001000010100100001101010100011010010000100001110000100010010
00
0
001000000100110010000001111101100101101011100011001000110111010100111110001000111111
1010111110110100111111011001111111111011001101101100001101001010
1001010001000011010000111100010110110000111100100111111110111000000101001011110100101011
101010110110011001001000010000000000111010011010100010111111100011101010000001100110
00101101000110010010010000
001011011010001100111110001101110011100100000010100110010
01110010101110100101110101101010101001011100010001101011001000011011000100000111
001110101011110101011111010000110101001111110001000010110010011001110001111010010
011001101011001111101011100
1101111100011111100011000110010111001100001101011000110000001101001110110110001
101010
0001001010000001000111100010101111110
000101111100011010100100111011011011110001001111110100110010
100010010100110010111001010111010001111111101100000010111010110001001010100001001110110000010111000
101111011001101110101011000101101001
100011111010100101111010110001011001001001100100111001011010111010001011001010100
10101111111011000111011011100111000111000000100111
011100000000101101111011011100101101001011010101010011111000111000111111011010001
01101001110110010111001111010001000111001100001100101011000110001110010111111111000011110
1000001010110101000000101111110010100011110101111101100001010000111110111
01110101000100001110000011011
000110000001011111001011101000111011100000100101011001
10101101001101100101001011100001101001011111000110100000101000111010000110
10000110011111110010110100011110011100011001111101100100100
100001010010111100010001111101011110101001000101010001011000101000010000010110101
000010010111101011001000110101100001010110000111001101000000110110
011110010101000011110111001010110010010110111010111000101111111010110010100000100
1111001111101111000010011001010111111100101011110110
0100101100100010010100001001000011101000100000010011000010110101110101101011000
1000110111001111110100100111100111000100011011100111000000110010100101010000100101100001101010000
10011000111111111
100001111111010100111000000111100001010101010001001011010001
1011010000111111111000101001111110100111
11000001111001100110100100110101010001000100001100011101101111011101110001111101000010
100011011011110100100010010100111100010000
1111010
010011011110001111011000
111111100010101110011000100100011110011100001111011101000000000010100001000010011111011
1011010111001001010100100011110011101000101101100111010101110100101000011101110111100000100
010000100101001010110011011101110110101111100011100011010000111111010010
01010101110101101100000
11111000110111101100111001111111100010000000011111000101100001010000101
1110111110111110100
01011100101110000011101001011
01101000110010110000001110110000000101000100110011011100111001001011
100110110001011001000000111100110000010100011111010111011001001111101011111
011111
010101100100011101011101010
10111101101011100110101
110101110000011000110101000110001000010110100110000100110000111011111100111100
101011011101010100100011111000110
001100011100010110100111
000111011101111101010000001
111000111010101100001101110111110011111000111010001110010000100010000101
10111101110111010100100100011110101001100001100011010111110011111111011100011011110010001010000
110001111001010111001000001
0001110001
00010011101001000100101010110000100010011111010010000001110110101110111110011001100011
0110110110001010000011101001101001111100110010011001100111000
10111010000100000100001000110001100001001011000110001010110000010000000001010
1100011100111100101110000101011010001010001110010011100001010
0011
10000100100111111111111101010000111
1001100110
001001101111110011000001000101101011001010001101011100110010001111101001010001110111010100
111101
000010111101000000110000110010100101101100
1011100111111100110110101011101001011
111
1011010000110011000001011010110110101
10101110001011001101111110001111001100000
0111011111001011110100101001110000111111110001011011111010001011011000101011101110101000100001011
000010111100001001101111110000011011100
111011111110010111010000101010110110001101001010101001000000000101011100001101110
00001001100001
1001010001011101111010000100001000100001001101
0000100111110111011101000100110011100110100
11101001001
00000011000101100001001001101101101110
0111
011100000001101001001011000000100011001000100111001100111111111000111100111110110100011000100
011100110001100001010000111110111100011001010000010111111011011001000110000000
011011100110011
01000011110010100011110111
001010011100100
10011101001011101010111100111001000111110011010001011011000000100
11000101101001011010010101010000010110001001100111
0001100101011000001011001010000111111000101100111111111000010000010100
0001111010001100101100001000110100000
01101111110100101010000010111110110001000001110011100001001100000111110101011001010
0001011010010001001100000111000111011110100100000110000000101111110011
00100111101001000001111101111001100101000100000111110000011000101000000101
1011010
10101101001010001111100010000101001100101101101011110101111110000011
0100100101100000101101100001100101001000000110010000110111011111001001110111100
11100100111100010100001010101100100
111100001000111000001000011011101100111110100010010001010001010
0010
1000000101000101001110010
111001001011010100011001110000001111111010100100001111
001011101011000111101010100000011111101111101110001101101110010010100100
0100011110111110111101100101010001100000001000101001101101001001000101
11100100011001110011101101010100011110100111000111110

01110101001010000000110110100110101001101110101110101100011011011001100001000101111011010
1011101010101100010100011000011011001
1000000010011001111001001110011011011
0001010011011000101110011110100110100111110001110001110000001
001
11011101001011101100101100100001111001010100
1001011010010100010001111101
1100101110110111101111110000010111001100111011110010100110010010010011000010011111101101110101
1101000001100111111000
000001000010000101100011000111110010111001
1010101110000111110101000100001000101101000111110111000001011011001
1100101010010111101000010000110011011101111000110
1111100011010111001101001110000100101111110110001011011010000110
111001011111100011001001000010100101100111010111101011000011101000000
0100011011110110110110101010101
001100011011001100001
001010000011010001010000101100010101101101101011101001101110101001111100001100101100011101
110101110011011001000011
00100101011100010010011010110111100011100010001111000011111010110111110010010110010100010
00001001001011010011001011100000001111
