304
0010011010100111011101100100101010000011010100000
00000010010110000110001100101011010011110001110111101011110010000001000001100100110000
1110101001010001011111011010110110100010011111110111110001100101010010110100101101111
01111100101110101011100000110100001000010110000110111010
11101110010011010000010100001001010000000001100001100101111001001100100001101111110011
11010001010101
01010001010111100111000000000010101011000010010111001000100101110
11100001001010101011010
1100100111111000011111010001001100110110001000110110000110101000000101010000110
11101010000110111010111111100001010100001011000011000
11010010011100010000100001001101000011001110
10
011111011001110110111111000011100100101101001011011100000000101110111111011111010001100
1010111001000001011100100001011010100010101010011101001110000000011000001010100000
101101101
10000110100100010111010
0111101110111001010101011101110100010011111011010011111111101101010011011001101111101101010111110
0100000000101100110000101
00000111010100100111011101101111110100111000101100111111110011011001100011100111100
0100000101100111111010111001001100110100100101011110100110110101100110011000111110001001001
11000001011010111101111100110
0111010001
10011
001110000010100111011110010010001101010111101100
0110111010100011011
10001001101011100101010001
11100011101110001001011100001001010110001001011010101111011010100001110010110010
110
00110010010011000101010100001
110100000
0100000000001011
1010110100010001100010110000101110010100101110001100001001111010
1101100010000010
100010111110011001100111011100001010001011110100001110010010011110010000
1011110010110110110111101110110
0011111010011001111000011100011001011001011010
0011010011100100010101110111
0101000101011011101110011101010001011011100001110010111000000011110100111101110011111111001101
0010011001100011
1011010010000100001110000011101110111110000011110011011011011001101011000
011001110001011010000000111
11010011100101100001111000
0110011000000000001001010010001011111111010001110000001010001010110001111010001111000
101100011010010110001100100111111001100000011101110000110101111
11101010111011101001000000101010110
1000110111110000010001110011011100101101011101010101011111000011011110110001110
0010111100101100011001100010001110101100111001010100000100
0110101001000001001010101000111001001101001011101100101011100111011
0101111
0101000000001010100010010100000111101001110010000110001101001110100011001101101011011110

01000110110001101101010100110
0101000100101011100100001011100010100010000100100011101101111101111001010101100000001010
011101111101011000110010010001
10001001000101111111011011110110
010000101010000100110101010111111101001110111101011
01000001010000
00100101101111000001101011010011010101000011101111001101100011101001111100100001
101101111101
010000101001000110000011101101001010000011101011001110111111010010011111101100001000100110

0001000101101010110001000110011000000000111111010100110000011000100001100100011
11001
010011110100111001011111000110000001110010010101001001101111111000100110001
101111000010101101110111001111001000110011110011011100101110001100011110111000001001111001111101101
00001001111100010
0000011111111101010100001100110100111110000100110011100111000

001100010000111010010000100001111110110000100010010101010001000011
0110110010101010000001000000110110
110001000110000111000100100111010101100010000011000101010101
010100111111011100010100110101101000000100010001010000110001011110111001011110011100
10101111010110001100011111001101000010011111101100110001101011110
010000011110011000111000011011111010111000001100011001010
1010011001
10011100100010101101101101111111
101011101011110111101011111110
10111100110001001100000000100100101100111010011110111011001000111100100100000110010110
001001101110
11
1000000100101101110001001010110001011000111000001010011101000000100000011011
000001011111011011010101011
1111001011111000111001010111000100011011011101010101
011001101100011011100
10001100011001101100100110110110010111111111000010000010010101101011011000101
100000001011
0100000010110001101000011101001110011101001001000101011111011011101110110101
00101100010010001011101010011100000000001111000100011101000100010001101000010010110100
01111100101011101000101111110010111010000000100010000000110001110001011000
11001001100010011011110100000011101010010101100000101101100100000010011101100001110010
00101011101001010100001
110101101011111010011101100101101010010010001011011110111100110000100000111100110000011110
00000001001001100100111111011110111100011111010110101111110101011110001
0011010001101001110101101000000100011110110110111
10100111100011101011100010111010011101
10000011100000111010100010011011100101011000010100100000011001001110110
0111111011110110110100001101000001100000000010100010000110110101010011001110001
11011101
10101
00000001000001011100110000100101110111101000101110000110101110010101000101001011100101111001111
01111001111001111100100010001111100000101100011010100101000011011101001101100101111000100
0111011000110011000011
01001
100001101100011011100011101111100000110100000011000111100011001110000111000011111100
0011111011000000001000000101010100110000111100110110011001011
001101111010000011010110010001101000010011110010100111111000111
00000011000100
01111001100111101
1010101001
001110001110001000011101100101001110000000000011100011
1111000010000000011011010000101000111100111100101101110010110010100011001011
01001100001001011110000111010101011100111100110011101110100111001
01111010011110101101000001110010001100001000010101111000
1110110001111100001011101100
00
0111010001000011110001111001011100010110100011100111000111000110001111
01111010101000010111100000010110111011100001000111010011101110111101100000
10101100100010010110111010100010001011000010100011000
1110000110000
0000000100110011001001000011011110
10001000101011000111111100
0011111111011111001
11111001110101011101110011100011001000101010010110101
0101000011010001001100011001000110101010001111111111101011001111100101101010101010110101
0001100001101101010100101010101100011100000111001011100001000110110100010110
11010001011010011001100010010011010001100000000010110111000100101111111101100010110101000010
1000
0110100100001101001000100101101110111
01100000011011
0010000000101010001111001010001
00111010011101111101000001111001010010
11001100100001001000100001110000001000001101110001
00101000100111101111
0
0000010001000010000011010110000100100101111101100100010101110010010010111111010101
1010001011110101000101101010010010110001010100011010100000100010001100101111111101110110010101101
110111000100001000100101000
111100010110111100101101111010111110100011
11001
010011101000000001010111010111110011110000101000111111101001
1101100110101000100100001011111010011101010010100010000110100001001011111111110111010110000110110
00000101101111001111011100100100010011001001100100100011100110111001001110100
011000000
01100110000011000000011101011110001101100
0110011001001110111011001010011101011
1111010101100101111101101100011011100001011000111000010110110011011110101000
011110000000100001110110011001111110110111111100011010100101100110100110000100011
00110101001101100100100000010001100010100
01100001110101000010100011011100111000100011100100110111001101011110110101000001111011
1011101011010110111101000111010101100101001110000100000000001110
10000100000100100011110011010011101110011000001010101111011010010010110101111110110011
1100111101100000110111011110100101

1111110110010101101001101100011
110100000100011001111010100111111001001110011100111110
10100010101110000010001101
10110101100100000011101010011010110011000111101100000100011110101000000001110110010011011
0001011100111100111111010101
011110011010110001111010110101101100010101100111110101001
11001011010000
010010001110011100011001011111000110111010101100011110
000000110010111001010011110111011101110100100111001101011100000000100010001011
110001110101110100011001100111011011000100110010001
100010111011100101110101
11000010111100001011010101110010010010101
0111000010011111111101
0101000010010101111001001100011011011010111000110001001100010000
11110011111110010010111111110000010001110101100001110110001010111110001010001111
0011110111001000101010111
111100110100001100011110011011001110101100110
011111101111000011011101110100001100111
010010001010111100010011111111101001000010000100010100101011101011101101001111001010110101
0101000001100000001000101001010001101010110101110000100
000000001110001010111011111011001001110000000010001111001110111011011011111011001110001010010
01110010111110100010111000111010100111010001100001000
0110001001001010011
10111111001110101000011010111111001111110100100011010110000011011110100110001000101
11010000101101111010100100000000000101
100101110110
010101
1011100000100001111111101110100010110011100101100110101010011111000000101110001
1110011111110001101111100010100001110101100000000111100101010011101010100010
1010011010
100100011100101110110100000100101
10001101001001111001111100000011011001001011101110010110
101001110011100000011010
00101010010101011110100110110111010101110000110011110011
101010000110010010100110011000011100100111010100010110110
111101100010100011000111101000001101110110011101001010000011
000110100111111001010111111001110101111000011000001100000111011010111101110010101011111100
0000101101000100001100
01010111000111001101001111000111011101110111001100011110001011110100011110110111000
001111010111111110111001101101101010100110001011110011011110011010001001011111101001101000100
00011011111110110
0111111010101111011001101110000101011110011000111000
00010110111000011110001010001100001000101100000100101011011100100001100110011101000000101110010
010010100011000011100100010100010100100
0101100011110100101111111011111111100010011101100010010001010
110101101101010011011011101111011011100001000110001
11101111101011101010010100001111
11111100100000110001100011000011101001101110110
00111001110011010001110010100110001
011000011100100100110100101001110000010111001110011100110101010001111011001100010111111101101010
100101100111101100111010001100100111101110010
11
1001000010111110101111010111111000110011111000111010110000010001
10010011010011101010111010111100010111000100000110011100011001
10100000111101111101110110011111001111101001110000110010001011111
00011100000110111111101110001110011011110110101110000111011000100000000110
000000110001110
10101000100010001001101000001110100
1111110001111110101001001101000010100100100000000100010011010100001010
000110101111011001011011000
10010001011100110011110000011
0000110101000000101001100011010111100
110000010110101110001010100011101100000011011100101111100001100100011110110
111101011101011100100011011011101100100110100100111101011111010001010111011101110001100
101010100001110101111011100001
00110000001111011100111111101111001100001010101000011110011010001110110
000
0101111101001100011011101001000101111100011100
000100111000011000100110110111111010011100101010
0010011011011100111001011100
1110000101111010
001100101110
111110011110110011010000111011101001001101101010111111111010110001110
01100101011110100110111100111010100001101101101111001000010111010000
00011100111011011111100
111111110100
0000
1111011101011011110000011100101110101111
00111100010100100001011101101111100010101011000011111101100011
0010010010100101001100110110011011110100110111001100110110100111101001111111011111
11111111110110011011100011010010110100001
101001001000100011111100100110101000000111001011101111011110110111001110100000111000101001001111
01010010111011000001011010000010
111001111000010
11100
010110000000101101100001010001011100101101001100110011001001001101111110001000101100011001101
11110001000010110110101110101000111010010100000001011
00100010011011101001110100100110011111110001100110
1001010111101000000101001111011
100101100111110010000111111101011001010101011110101001110010101001100010101111110111101
010100010010011110010010110111001100011001011100
11110001000000011101001
10111011010000101010010100010110001011110010000001000001111111100
001100101000101111010100011011111011111
0011000001100100110010111011
0000011
011100001101010011000011101001001000101101101001011100100010001100000001010001
1001011100101101111101010101010111010011010100101010111101110000111111001011001001010111
0100110001101010001110011000000000101111100010000101100001111110100111110111000000101111001

001001001101001010000010100000001001001010110010010001010011111111011111000100011111000101010100
010001011011010001011101110011100001101011000001000100010011110011
0011111010010011101001010110010101101001011001101011110001
1011111001111000100011000000010101110011001011010111110111
11
11011011111010101000010010101001000011010100110001101100111110
00010101101000100011000011000111011101100101110100001
011001101001101110001101001110
0101010010100000110010011100010110010000000000100101110101110100011
0010100110100001000010010101011111001010100011000110100000001
11101001
00100100110100011111101011000101101001001011100100101
0111101011111010100011000001111111101011110010111010000110110111111010
0110101011101111100111010101001010111011001
00011001100010
00001011111110010000010001100111111000101101100111000101110111111010011001111110100100011100001
110010011011101010010001010011010111110100101101000011010110100111
01010010100010010110110110011111111100110
011000111011100100100000011111000101
100110101
0000111010001110
010100101101000100101011101001100011111110111101100000
10110010010000000111001111100010110110000100111111110100100000000
01101011001001100010111
011000100111100010010
100110011010110011011101110011000001010100010110111011101
1110111110011111101011000010100110001001000010
000001110010001111010111001110011
0110111111101011101101011101100001010101101101000100111100111110100
1110100100110000001010000111011110101101101110110110011011011011000
10000010110100101100010000110000111101100011010000100101010001101100110100101
0
00100000101010111011001101110011110111111110010110001100011101011011011010010110110
1101100000111
010111001111111100011001010011011111
11010
101010110110100100101001101000
01000101110010011001111000100100111010100111001011
100000
11100001000110100110011010000111100110000001110000000100100101100001000100101000111000
1101000001011001001010111010110110110001000000011101111111011110000110001010110101101
111011111110001111000001101110100001110001100010110
01100110000000011000100011011
000110101111100101010110100101001001011101101
11000110110000110010110010000001000111010111100111111100111111101110110111010010011001001100111011
1010000100
000110100110010110010111101110000110001100101100001110100011111010
00101100010001100010001000100010000001010110001010001001011000101
01111001000100110100011000101111110010001110110111100
10111110101011100111001
11100101111010110110001101011011001101010010001001111
