881
000101001101001110010010001001011100100101011001000110111101011011111110010011100000011001110111
11000110001101001110010011010100101001100101011101001101101100011101110000001000111000000
000010001011010100101011011011011110010110101100011010101111001
010000011011011011011000101110011101001111000110001111111000001000111110101101101010010101111011110
0010000000000111110101100011001111001110000000111001101111
0100011100000100001010101100011101001100001111011010010010000101100010110000
10000011100110111111001000111011001010110110010011101001011010010
001011100010010011110100110000011001011010100010001010100011000000101
11100111001111111110100111100001010111
10000010011101110100110100
0100001000101010
10010010001010110111101111000111011101011111110011100110001010110110001001011
110001110110001000011011110011110110000011010011100110110001001011011111
11101000001100001100101110001111
100101100101011000110001000101011100011111
000011101001111101111010101101001000010011010100100100
010011001
001000001011000101010111111000100000101000010100010101011011101000000000100011100011000000
10111010001100001011000110001010010011110100001100101110100011110011110
0100010001111000111001111110000110111111011010
0101001001001101110101011101111000010111001010101001100011
00011000010100101010010010000110100110001111011111
1101000011001
01110101110111100110111010010110111011101010001000111000000011100000100010111110
1000100010010010010101011000100010001100000100000111110010010010101
11110000110100111110111110101100100000000
011101110100001110011100010001110101011101110011010
011110110010011010101011100001000010001110011001101110000000001100111
1001110101010111101110001010111011011101110101010000110111111000101
0110010111000000
01000010110111101111010000001010011110100110110010010110011011101010011100
01001
0001010000001011011100011001001111000001001000011010010001010011101111110111110000010100000000
101111011010100110111110100101111010101100110010110111110011000111100111011100010000000
1111011001110010111100000011011
001110100
1110101101001111001010011111101
111000011011111010100111110001010101001111100110101001101100101001011001011000000000001101011110011
00101010101100000101111111101101101101101000
0000000101111100010110110000001110101001010010111101
01110111001101100111011010101101100010110001111111111010011101101010110111001010011111
1101011100010000001111010001010110100111010111011000000111010000110000000001111111110
0001010111100100010011110100100111010001011110111101001111
0011111010001011010110110010111001101010110
111100110110011111110001011100000101111110100000001110000110011001100100100010001111000
11011111000
00101000011011100010100101001100000001011011101

01011100100110100101111010111011101101
1101101111000111111111011011100011110000
0101010010101101101111001110

110111111111010100011010000111111011000010110010110010110111100011011010011110
1011110110110000011101010101011011110010001000101101111000000011011000010110001
1100101111010100111101010000
00111111001001111010110001100
011100001101111111101100101011100001011
011111010100101001111100011110111100100001101010000000110001101000011111111
0010011001010001010011100010100111010010010
10110000110101001101111100
0010001000000010001000
0101001101010100001000000001100010111011111010000111100
0100
000011110101100110011100111110000110011000111111010001101010101
0000110100100110010000010110000
1001101001101010110101110101100011100111111
1101001011000001000111000
1
010
0000001011001010000011100100111000101
10101111010001100001001100011010
100100101111011001011111100010010010011101100010001100
001110101110110001111011110000
10000100011
0110111000110100000011010010110010000010111111001100001001010100010000001111
1
001111001001110001110111100000111010101110110100001101110011011101101110000
11110110100010010111011110111110011110101101110011110001011001101110000000010
10100100001000010100101110110010010001001100011110010101100001011111010111111
111
110010
001100011
110110110111100110001010010100111101001011011110110
1001001011010011111011011111111010100101001011011110000101010
1111001000101001100101000
0011011001100101010
0011
00000001111111110001111010010110011001100001011101011011
111001101011100011010110010101000100110110
1100000111011010101001
101110111001101001011010101110000000
0100
0001011110011101010111001110011011111011100100100011001101001010110110110101111010011000001
0001011101110100001001001011110110110101100001110111011011110101101001111101001100100
1111111110110001001110100110011110
101110000100110111001011101110100100101101101000010000001011010100101001001011111
01000000100011010010011100111001011100010101011111100010010110011110011010111110100001110
0010101011011000010110110110100110101101001100011001100110001
1101100001111
100
001
10110101101101001100010101011000100010111001101001001110110010001011010111110001
01001001101110000100100101101110101101000111
0001011000110000000100010100100111000000110010110
011010101011000110100101001110001110010111000010110
111010011011001101011000000111111101000100
1111111110000011111110011000110101001110100000100000000101100100

01011011110100
1010111110000
0110001001000110110001111010011111011010111111111100011100010111100011101000100110110100001001101
10010010011101110100110011110011000001010010110100101011010101110001100100000011100011101110111110
11110000111100010100100000110100111010100001111010101
101101011001110001011010010101001
001101100000000101010111001110111011110100110011010100001110101111
0010101110111100011110100101001111000
01000001001011011010000111101110000010
00100011000111001000101000101100
0100110100111001001
001111011010111011111010110110111000001111000010110010010111000000000101111101001111101000100
1111
1101000111010010101010101011010011110001010111100100111100001111011000001010011
11100011110011101010001010010010100010000011110000101110110011110110
0001010000011100110110001001011000111000010111110000101100110001100110110100110110001000
0011011010010101110010101000001011010110010010000101010101110010111111
100000001011001011010000011111110110100001101110001100011010011111010000101100011100
10100100001001010010000100110100101001101001111100100100011011101101
00000000111001011010000111011111011
0101100101011000000011010110000000101110000000111100101100111001010000110111000111101111100
0000111000110
10000010110101000000111001010100000101111100101010000011011011101010110111010100101011
01101111001
000000100111101001110100100100110100101010100010110
101110011101110001100001101
00001000011011010110101010101111001010001011010101
11101011000110110001110111000001101001011011000001100001001100
00100111011110001000110101001000101110011010110100000000011000011110000000
111001000110111010110100110001011100010010011011101100010011011000010110011101011101000
110111101111110100010111101100000100111101000000101001010000
011000
0010111000110010111110010110010100001000000101011110111011110111001000010010
01111010011011001001101101110001111011101110110110000101010100010110101110
100110010111000111001101100111011110001011101010111010001101111010000001000011001001
1110010000001011101000110101011010100100010011001100011111100001000100000001010111011011011101
100101000110011001100
10111010110011000001011101010011011001001101110000011011111101000111010101101100011111000110000
010101101011010101100010010110101001010000001001111110010111001010101101000110101100010110
0101010010000000101110010011010110101001
1100101100011101000000000010110111001010011001110101
00001010101000101110111110010
00010100101111011110101110010001011001011
0101111110010101000010011101010011000001100
010100100011010010011110001101000111110011101011001111001011110100100101110111010010110011110
10111111110000101100110010001100101111110010110110010101101100100100101
01001010001110010111101010001000
00000011001100111101100011011001011111001100010100000111100001011010000010011000000001
01101110000000111010010010000
1000010001011001101111010011110000
1100110110100010000011110100110010001101011101010011
1011101100010101000111011010101101001111011010001
10000000
101110
11000101001110001001001101100111001000101001111001101111111
100110

0010011100100111111110001011101010100001010111001011000110
0000101100001101011011110011010010001001101111100010010010000000010001000111010101
10011000010011010111
101010
110110101010100100100011001010011100
00000000101010
00100000100000001110010100101100010010110011010000101110011101100001010111
000110010110000110011010010101110000010101110100100000100100001100010100
111100111100101110010000111111010100001011111011000110011101000011000111000011011100000101110
010010100110010010110110101100001011110110001101110000110010000111000110
011010000110010110110011111010100110011101101110000
100
001010010011111011111000101111101100110
01100000010101000011110101110011011010
0100110000011110111011111000101111011000100000101101001111111010000110101
1011111010111101100101011001101010100001100100
010
011110101111001010101001001010000110001011110100101001111110011000110101111111010010000
10100100010000011001111111000100110111111
110010001101111110111101101000001100011001011011111000110110001111101011
11000010010010100001101010101100010001100110001100110011111011111011111010101001110001110100101
00101110100101011001011101001001001110001101
01110110010101011101111111111110011011011101001001011
0000010101101010110110101010101010001011101
11110110111001000001010111110110101010111
1100101000000111101111001101101000000
0010100010110101101010010
0111111100011101111101010100010110111110100010110100
10011111000100011010011110000
101110010000000011101111101101111011111111011101100011010011010010111100101010000101011011101011
11110111000111001000100110000010101110111111
10111011100111
1011110100111111110001111101110001011010111101101101101101101001100100000010100110101000001001101
100100000110100100011011010101010100011001110000110101101111110110110001011010011101111011101101
1101100110100100010100111000000110001011100110110000010100010001101001100100100
1010011110001000110010110110111111100000001101000101011110
10111011111001111001000101111110001000111010100111001101000000
1100101
011010111000100010101001111000000111100101010001011000100110000010
01000011010110110001011111011010111100
010011101000110101100110100001010011111111001110110011101110101110001011000000111010111010001
1011111001000101100000110001011011001100010
0000101100101101110101110000110000
010110101010011011101
111111110111001110101100011011001111010100010101000100110011010100000110110001001001111110010110
11001101000010
10010001001011101100111001110101011001000110000001100110110001100110010110110111
100001110111110110110011010001111011100100111111001110111011011010110011100110100011001
1000111001001010101101001000001000100100001010100011110111010010101010101101011111
101000101000001000000101000010101101111101110000101000111010100111
000101000000110111010101111011101000010011100111001
10010001010000000100111111011011000100000110110011100101101110110
00001001001000100101110011100011110011001010010001000110000010
11010001101101011011001100110011011100001001110011000111011101101110
1000001001
011011110010000101101001110110110111000110010001111110110101000011010101
1000001110111000110101001000110010001110001
0111000001010001000001011
0010011010010110011001
010100110111010010001010101100100111101110
0000010001010000010110010010110000001010001011001101111001100001110110
1110010010000101010
10000110111000110110011011100001110100100011110101010111110100010111010
10110101100000100111011101011100110111101110000001010110111110111011101010000111
1101100000100101010100100100100000111111000101110000010011011101100
0000101100011011111101101100101011010100010001000100001110
0001000010001100110111100010011011000101110101110111010110010001100011111101
111001
00010101100001011111110100011111110011111110001100101010000111110
100011010101
11001001000011000110000001100001010010
0111101110101110001111010000000010010001011101010100
011011100111011
110001011110111110011011100101100101010110011001010010100001010100011010001110100011
101011111100101101000010011011001011111101000010011000010010000110101101010110010100001
110010001010111101010101011010
1111111010000001011111101101
010110100110011111110000111101011110110100110101001010100011101011101111100010100010000100001011111
00101001000100010001
1011001101100011100110110111010100110111010111000001011001011101111111
0100101001010111000001110010110110011101011000011001100111111000110011011100000001001110100111
1010011001100011001000100000100011011010100111111100010
11000010101010010110101000000001011010110
00100000000111111110001010000100110101101100001111000011110
1111110000111000101100001100010001001101111011011011
101001011101101010110001
10101101100000101010111111101111100111101010101101011111001100
000011101111110000001000101111011
00011011
1011
0010010110011101001010101011011100011110010001110000100010101000100110110111110100110001111
00001001111010001111100011100100100010110
1111011000001100
00111010000001111010010101000100110101001110001101110110
0000111001100000011111
00
01100100000000110101100111100100001000000000001110111001001100000100100000010110010110
000110110111
00000010101010010
1000011110011001111110100010110101
0100101000101011100101111000000111011110101010111001000001101001101110100011101100001101110010
0011101000
01101110101111111110011010110001101101110101111
001011110101011110010010000100101111010010111100010001000001000000110010
011100011010
00100110001010011011011011011101010000011010010110011010110000011111001100010
1011101100111001100111110010
0100101110000111101111111111100011
100000001101101010111010001000101111111010111011100100101001
000110001001101011000111100110001010111110011010001001
0001100000100101101011011001111110010101110001000101011010000111111
101011001010111101101000100111111101011100010101010000
0000101010100011010010010110001011010110011100101000110100101000010
1111111010010001001000011001010011001010001000000100110000
0001001011111
1101110111110001101110000010111110101101010100111000100110001011011110110101
0101010100000110001111101110000100011010000000011010110
001111100101110100111001010111001000111
110111010010011111101010011000101011111101111000110010101110101011001110011110110001001010010010
0101101001100011110001111110011110110010011111001001111110011011100111111100111001111110101
100100111111110010010010000100010011100011010000101110100101110111110
01000000001000100001100100000011110110
100011000000110000111010000101010101110001101000100011000100100100101000101
0101110000001110001110111000001110001000110110010010110100111100000010110110110110
0101110101100000110101101100000101100101
01101011010101000001001101111111100000101
111010110101100001001001100000001011010111000110101000000000011100100010011
1100101001001111110010110111
000100000110110110111010101000010010001111000100100010010111000
101011010100000010111111011001100101001001100001011001111011011001110
111100010101101111111001000000000100011001110011111001011010010
011011000001010010110010011110100010101010110
010110110
01100001110001110110100111101011111
111100101
011110111000101010001001000011111111010010110001010110000000000110101010101011
01111111
10000101011100000001000001100000110001100111001001
101111011110011011100000100001010111101011010010001111011001110010010011
00001000110111100101011101011001101100010010001101110111001110000001010110000100
001100000000001110110011110101011101110110010
0011011001101
0101
0000111100000110010111000001001110001110000101010110110100111000001010101
11011011100110000110000110110010011000110111100000100010000001011110111110101100101101011
110111001101101110100001000111110110111001100101100100001001110001100001011
00110111000001
11001010110100010101
001001100101001010100000110011001000101101001111
11011001000010001
11001101000101011100001100111100110000101111110
01111100001101011111100111000010010101110111110101001111111011101000111001000101011001
001111010011101100010101101010110000111010100
00010000001111011001000110101110011110000101111110001110001011001110110100100011010010001
11100000101001001100010
001010100010101000001100110100100001011011110110011101
0000110000100001000011000100
011000011001001010010111011101010101010110100001101101011111000110001011010010001
000000001111010111001011110100110010101100011011
1100100101000011111001101111100011100101001100111001011100110101
000101001000000101110001000101111010100001100010000001100011100110110111110
10011001010001101110000100010101010100111101001010111111111011111110111001
1101110001001
0010000
011111110010111111001110010010111011011101011110110001000101110000101100111010001111010111111011010
01000111000011111011010011010000011001
100011100000100011101111001010110111110100000110110000110011010100101110000011110
00011101
001101000111100
001
11001000101010110101
1100100010101111101110000
11100111100011011
1100110110110010001
00011001101111001
11000101010111010
000110111100001110000110101010011111100101101111011000000100100100000
101111101000111010111010011101010010001100001010000110101000110110111111001001111100
101100001101100010001000011111110001110101011001010100010
1100110000110010001111001001110110010010011010111011110010011001000100100100
1011110111110010011000001000111100010011101100000011001000
01001100000010101000100101110010111110011110101011110001111
0001011011111001110000101
001100010010101110110100100111110000
11110011100100000010010101001010110100010100011000101111001101001100110
010001011100110101011001111001010111100011011110
11101000100111000100101110101110000011110001110010111101111000101000011101011101110110000
11010111001110000001010101101101110
001101101110100111110110011110011011100000000101011001100011011100111
01000010100101110001111101001101101100101011110001011101
111111011100111010100011010100100111101001111111111110000100100011110110110001000111011
0
11101011011101001110011101111000111111000110010
000110100110001101010100010110010
110011111001011110111000000100010000101010001000011011100011100100101111001100
000010001111101001111010000110010011101001111001001110010011111101110011010001010011110101101111
101001100
0001000110000110011000110000000101111101011110111100000110111011000100111010001100100100101100101
010101
100011111001111011111010100000001001011000101011
01011011110110010101100
011100010100011101110101110111000111110100000001010100111110110010100000010101010111111
01110111101100110101100111011000111011101001001
1001111110000011000110100001100010100010010010011110111101011001
110
000100110010111110001010101110011
10101000101000011
1110111111110111100100111110000100101101001100000000111001100011010000011100110000111010100000110
1111001000100101000111000101001010001001001001011100110100101011001010000101
1000001110110101000001010000110100
00011111001000011001101
0110110100101110111001000101101110011
00110110101110010100100110101001001101000101001110101111011111
0010101111101
100111101011101001100011100010100
00101101100101100100111111111000010000100001100001
011101010000110001101000010011110011110010100011011001001000
110111010111011101100010010111010110000101011000010111101011110010111110110111101111101010100111
000110010100010111111101000011111001100110101011011101010100010011010100001011111110111001101010010
00101110001011011100001001
00010011100011000100110010010001110001001000110111110100110100000001101000110101111
0001001001000111001101101
01011101
101111111
0110011110100101011010000100000001111110110001000010101100010010000001000101010011011110010
100001101011110001110000101110011110101100101001110
010001111110011110101010000011110010011001100111000001000011000110111111010100110
0000000110100101000100110000011110110100101110101100010
111000111011111010011100110000111011011111111011011100010001000010011100101101011
011101001010001110110010110011000110000010100001011110001101010010010111111
001011010101010001000001101010010110001111100111000
11001001101100111011001101011001110101010001101011101101100111110100001111011111001011010010001000
11010001111010010011000011001111010101010101101010011101110011011001101100111
1110111111011101110110010111
10110111010100010001101101111011111011000101111110000010010
111000111100011000110011111110101010101011010010110111000100010110101000000000110101000110011110001
11110111010001110110101100101111111011100000
10001000100110100110111101001010010110111010111011101001001
010
0110100000110110000011011001101010110101001011101000011
10110111
00011101111000001101101001111000
0100110000000100000110010010100010100001100011001001100101000000101101101
001000000110110111001010001100000000101000110010001111110110000
1000000100111001110010011011011100011100101111111110110000100001000001000001000000110000111
0010
10001010000111
1110001000000000001110110010011111100111100010100111100110000010100011100001110101010000100111
00111110
011011100111100001100010011101100010100011100
11111001011010100000101011011001101011011010
10101010011010011101101010101010010111000110001100000010000110110000001
000000111000110001110010011001100100100001
11110101000111011101101011100001010010000011001000010011000101
1000100110011000111101010001011011101001000000111101101101101000101100100010001100
101000111100000111001000010100100100001111001010001111010111000111100100001110100110000101110100
111110000110110111111111010010101111001100100110011111110001110010001101010110000101001011
1100110100010010010101011010011001111101111111011001010011011010101111011101
10000011000001111000001101001000111100100
101001000101100011010101011111110000
00000101011010001110101100101
10101001100001010000010100100000000111010110101000011100011000010011111100000101100110101100101
00101111101001011010000101111000011000101
11010110
0111011111100101110001100001110011111101101011010011100011000000001000000001111010001000

000001000101111000111001101001000000010111111010100001100101111111010010011011
0
01111101010111001111011111100111101010010110000
11011111111000111100110111100010011001111101001001111010101111100000110011001010
001110101010011001100011011011001011100001100011001100100010011
01001110100000101001
111010
101011111110001010111101110001010101111111001010110101100111110111
10110010011010001101000000000010111100100110010110010011010010000110111000111111101000101001011
010
0011101111100001010100010101110011001010
10011111001011100011010101011100011111101101001110001010001001110011001100010110
01110101100111001111001100001110111100001010010110011110001100111011111011
10000110011111100101000111011101101110010111110
100001100101100011110010111100111111000111011101001011001000111011
101010011011001001010001001100101111011010011001001100011
101001000011101000011100100001111001001011011
11100010101010111000110010000101101011000110001010111101110011101001010111111010111110
10
10101100011111000110010100011110000111010010111110100
1101101110100111110011111011101101101001101111111000011010010100000001101000
1000000010000010001000100110001000011101000100000101101011100111011101100
000101011100100010100010000110000010010100100011001000110001001101001110001
1010101101011100110000011101011010110001010111111011111111100001011010
100011111010010001111100010011011011000001110110011100110
00110100010011110001010111
11010011111001010100011110110001101111000100000110010010010010
0000111010010
111000001011000011110110010101110100011000001111001011001111110110111010101111101010011000001010011

11001000110110101100000001101101100011011001001100010110000001011001101011
00100010001110010111100111010111000010101000000101011100000101111010
11000110100101010111101110010000000010100110111010010111010100101
10111010001010001101011101000011100110000111011110010100001
00011111011000001110000110001010010111110100101110110011010110010001111100000011001
1111011010001101110100100000101010010001101000010010111010000010111100010011010
001100100001100111101
11111011101000011010100011101001
1110111100010101001010110000011100000100001110001000011110010101111001101
00
1001000101000110011000011100010000100001001010011101000011001111000101
0111010101101000110000010110111011010101010100101010010110001011111
011111100001001100000001011011100110010110111100101110101010100000010101111001101100100000000010
000110000110011011000101110
111100011111001000001110111001010001111000011110
1001000110100100110
011001011000010111110111010011001101001100100010010111010001001011
011110110101011010011010110111010000110110101100001000011100101010011100001101010011111010
010101011111001111100001110101101000101011111111000111
01101101000010111010001101010
110011111100111000000100101000001100011001110111000011000110000100010101001100110111100001001001
001110100101000110100100110000110100001101
1000010000010110101001101111000111100100110110000110110110000110000011010
111010000100001010010010011001010000110100001111100011000011011010011100100010101011101
111011100010110111011100100011110000100101000001010001000100100100001001100101101001111111100101
101010001001010011100110100
1001000101111101100010011010110000100101100111111010101100001001100111110001
1011101110110101010000011001001100111010010010111100010000110110001000111111101011110
01100010100101011001100110110001010101100110010010100101101100111010
101011011111111011111100110101
110111001011101110110101001101101111000001100110011001110111111111000010001100011111111011110101
01001000010000100100100000
10011000011100101111001010110000001011011100000111011000
11010111110010011100100010100000000110111110101011110011111100110001101001110010111001010010
1100001101111111010101111011001010000111100001000001010101010111010000000001011000110111
11111001011011010111100
1111001010100011100100000110010100100011011110000000011010100010101111110
10000010010000010001101100010000110100111100110110101000111000011101110110000000100
000100101100001011
1000100111101110011001111000111111100000
100111101000001111110100011010011110010001110011011111
0000011010110010010000101001010010011110010101001111000111110001101
1000000000100111000011001011100111010101110000
01100101011110111000110000111101111110101
11101100001000100001100010101000101111000111101000101110100001011101010011
1011010000101111110111110010111100111111111010000000010111101001001011100
0101000000110000110010101000000110011001
00100101010111100101111000001100011011001010111101011100000000
0110100100111010001000010111100110000011
01010111100011010010100111111110011000010001100111101011101111011101010011000111
0110010000001111001000101101101101110000110100001110101100001111110100111010101110100111000111
1010111000010001000000110110001111111101111110100111110101001000
10011100
110000101110110000111000111100001101001
11111100101100001011011011110110110101101110111110101110101110101000010000101111100100100010
0100100000111110010011011011111000110110111011101
1000001001101011011100010111110001100111010101101001011110110101111101111111100100
00100001011011
11100001100011111111011101
1110100110010101111110101000101101100100101010100001110001001001110
001100100011100001100011110011100100010001011110001100100
000011111010100000100101001000010001
00000010100101000011111100
11111100000001000111101111010010000000011110011001
110110101100100110111101110111100010101110001110110011001101101100011101011000010001111011
001011001000001000011001001111001110101001000110010110001111111001011100110001011111011100001010001
11011111
000
10111000
111
10100100011000000011001100111111001000111011001110101110011010101010100110000011
001011010001101000110011111011011101111110011101110010100001111001111000011
10010011100000000010101011111101111101110101110001001
1110110001101011100001011101100110100100111100001100
0001100110001001110111010000001001111001110011000000110011110010100001100111010110
0100001101
11111100010011101011011010110100
110111010100001000011110
00111001001011010101110011001111011110000101011010110101010111000100110010000010110010110101
000001010110010011101000000001011101011101011101000010111001011001011010100111110001110111011111001
0101101011100010110110010101110111110010110100101011000101010010111
0000010000110010001100
1100011101101111001000001100110100000010110101110100010011011110
0001101100111111110001011010100111110100111011001011110111101011101011100110101101101
101101001011100111001011010100110000000001
00110100011110111101011101100000110010100010011000110010001010011100
001001100100001010111
0110100111100100010100001001000011101010111100100000010010010000000111
000110000111101010111001010110001011000100000111010001100001000111011000101000
10010
10000110100011010111000111001000110101100001011100001000011110100
01100010010101000001111111000111000001010101010010101100111110110110010111000001000010001011000111
010011100111011011111010100011110111111011100001000100111001000100
00001101000000110000001111100010100
0110000000011110111101111010010011000101010110010011011011
10000010101110111001000011110100101101111011101010000111011001100110010110
1100100010111001010110111010101110011001100010111011010110000010111111000001001010100010010001
1110
11101100100001100110111010011011000110100110
110100010111001010111010000111110100010
0000101101010100000011011100101011011000011110110110111
0111101101110011011111011110
100010110001110110111001000000001001101100111111011010
100101100100110000001011111100000101011
1010111101001110010000111011110000100
011001101110101010110111010
11001011100011111010001000000011001111010010011010000110001100110000100011101001
11101101011100010011010000111010011111100111110101111111101101110100110010011101101100111110011101
11011101
11010000101110010111011000011000101111010010100100
0010111101001010001010101110010001011010010111101000
01111
0110011100011000011100110001110001101001001011101010101110100110000000101010000110001101
0100000111000000001010101011100100110011111100110110011110101100
010010001111100010000101110001001000001101010010011100001
00
01000000110111010000010011001000010111001101001011100100100010001110111010101101011011100
111101101011100
01010000111010100101110110001010010000
00111100101011110110010101111011000000011010110000000
001011101111011000001011111111111110010001000001110000111000
01
11100011101011010011000100101010110111001001101100
010000000011001001011
00010101111110011011111
10
1100000010111011000001101010001101001111011
1010010010001100101010011100101111110010100110000001110001110101101000101110011110110001110011111
01011001011110010111011111101011111010101011101101010000
11000111111000111010111100
10110011111011001110011010100100011100000100000110101110001110110
011000011001111111101010001001001011100111010111011001100010
011010001
01010100011100101010010000010110101011010110100000011001010011100001000101011001001
011111111001010111110101001011011101111111101110110111110000001100011
0100110101010111010011001010000100100
111111
11100001100110010000101000110000101101010111100000000000111010011110010
10100011010111111100001110010111010101
10100011111111100100011011110001011010001011010001010000101001110000010001001110010100110000100
0111011100100010010000011001
010001010101
00101111001111100110010010100100111000101110110010010100100001001110110
000100100010011100010110111100010000100001100110010100
00011000000000011111001000110100011011000001000000
100100011010111100000111001101100011111001100010101010100010001111010001101010100000001001001
110000111000101011000011111001110100001110000
0111111001111010111010011
0000101100010011010111001001010110100111011101000011100101110000110010011111101111001
1010001110111100101010100001110110010110010000010001110110100101010010010000111111000111000
111110101101110001100001100000010000111010110001111110100101010100110101010101001011101100
011000110001111010001010111000000111011111101000
100100101010111110011111101010000111110101101100101001010000010000111101111011011010110
1100101101111101111110000100011111101001011001110010111001010011110100010100010101100110
011000
100100001000110111010011010011100100010010111010110011010111
0100100000010011010010100011011000010111110110000
0101111000011101100100001011011011101001110000111
01011111101100100000101100100100100100010000111111100101011100000001101001100011
00011011100011100010111011001101010010001110001100111111011010100100111100011110000
101101111000001010011000011011010011100110001101010
10111100000011100000010101010
1100011010101111111011010000000111000001010101110101000111111001110110110001011011011111011
10100110001111000111
110101001111001100111101001010110100110011001111
011110010101011000100111101111010110101111100001011110011011
100111100001010
0101100101101011011010011000001100011110000001100000101001

1011010100111111110101
11010010000
0011110000101110110100111110110111010011011110100111000000000111011101110
1010
1100101101011000001111101010000101111
1111101100000110011100001011111001000100011000101101000000110111000111001110001100110001001001
0101
01011000110001010010001111111011011100101000101111101110010000100
11101010011010010100100011100100100001110000
10100111101011000110010000101010110010001110000000010101110010110010110000
0111011111110101110100
01010000011101101101001010001011111101101010011011010001110101
11100110010110010110001010010000000100011111000000010
1111101101011000001000110110011101010
011110010101000001010000111110100010101011001011000010101111100000111101111110010101111
1000110100110011010000011011010010011010101011110101111101011101010
10000010011010001111000100101101101110110010001000010110100
10101110011001011101100110000110001110010010101100001000000101101100011001100010010110101
001000011111001001000000000011111010100001011
1001101110010000
100
11000111001001111111011010100110100111101010110110110
011001110100100011110011000101000101
11001110000001101
000110000101000001000
10101001011101010011
00010000010
110000010110110111001001000111011101101010011001110101011001110010000000011000001011000110000
101100100111110110110111110001011101100000000110001
1101100101111001111101011101100111010001000000110001
0000000001101010111110101
01001000000001111011001111111110001110110001100001
011100011010100111000001101110011110100001111000110101101001010101101010010100011001101100110011
00101000010011010011100000111000
101111111100010111000100
1000100001
011101110111110110000101000101111000001010000111111010011
1001001100011000100001100011010011110000100100111000001001110010
110010101101001111100
0010100010011011101000110000111
00011111001101011010001010011111100110110110101
0011110010101000000100011000101111001011011000101001001001100100100110100000001111011
011110010101101011110000001010100100101111111011000001100101101111101100101101011001100001110011001
0110101000100011100
100111000110100001101001010110010100
100000111110101101010001110000110101101011010110100001001100110011000
110011111001111010001011000100011111111001111100
11110100110101101110000000011011110101110011001110101010000010001001011111011110
101011010000010001000110100100100001
110001000
000101001110000
11000000010110111010
100010000010101101010110111110110

11101110
110001111010101000001010110111110111110100111011000111
01100011101011110001010101010100000010101110111100011010100011
0111011011100001000010000000010000011110100100110011100100
1100001110000111110101110011001010000111
10111000110100010110000101001001100110011101000110110000100000110111101
101111001
001011000011101010
00000000010110110001111111000111111001001011110001011000101011000101101001110100011111
0100101110011001000000111100100100000100010011001
11001110
11010100010001011001101000010101100010111100101001100111001011100100100010011
0110011011000011110111100101111001
11111101001011001001011101111111110110011000010111111000
1011111010001001000
01001111100001110111000000101010110110110100011111000
01011011110
1011100010111
0000101010101000010000110000010
01111001001011010101011000010110
00001111111011000011000001001010110000101110101101000101111110
1100001001010110
111100000100011000
100010101111001011101001011101000001010000011001010010111100110111000000100001100
100111001110010100001100010100010111100001111001011
001100011000001000101000000111010000000111
10000101001110101101001110001101101010111001110110001101
0000000100101110100011001000100101010101010110011010010111010101100111101
01011011011010100000110011100100101010000010101011100000010101100111101010011

00101001010110001111011011010010011111001001110111110110111001111011111111111101000000
0000011011101011101111110
01110110101001111100110110111110111
1011101100101101101011001110100001010011001001111010101011110
1000100010111001011001110000111110110000000100100010111011111010001100110001000
0110001010100001010011010100001101000011010011001011110101001110
11000100111111111011101001
00110111001000111010010001010000100011111010011101010100111010001010111001
0010100011111111100010011010101101110000000001100000000100001000111111110100110010
101110101100111010000111001101111111111111011110111101100
011111000110010000000000101111010000101001010011111010010011010100110000101001101010
100111101110110
1100111101010011001110111111011100111000110101000011110100000101011100010111000111100
00110001111110100111011011100111101011010101001111001011001011000
00111001001010001
0010111011111110010110100011000000100000110011111100011
1011
110001101000110100000110011110010010000100100000110111011110101010001011101011011011111100010101010
1011111011100001101000000101001101000110001010100011001110001000011110110011011101111100000100
11010110110011100010000011010100010011010000100011011010100001
110011000001100010011011100101000001000110
0011101110001100110100010100000101110010
101110010000110011001001110001
1010
0010111000101011000101110110101110010101111110010100110011
01010000101000101100101011100100100000000000100110011101111100110101111101010011011110011
1011000001010110111010010001110001110111101101010001100110101011000
10111100101000101010110011100110101011101010110000000001000
00001011111111001010001010010001
00001010011001010011100
00100001010001001101110011000111101011100101111010
011010000010100111010101110000000
101011011
1000010000011111011100011100101100010010010110001010101000101000111000100111001
101110000110011010011100
1011001110111001011110011011111110110000100001011111100101111101101010010011110010001001001011011
110
0000111001101101011100100010010111111010
00001000011100001101111111010000
11100101011001111101011000110001100111001000100110110
001001010111100001110001010011010
0100001101111010010110010110110010110110
00100111101100001000011100011010110101010000000110001001000001010001111010011001101
011011011011001010100010010011010101111100001111101111000110110010000
000
0110001011000
11111010011100110001101001010001111110011101000010
1010011101100110100110111010011101100001011001010101000000110010010110001111010
11001000110101100011111000111111101111110000001101011011011101010100001000010000111111111111000110
10101000010100000101100100011001010110111011110101000101001101110010001010100110100010010111001
00011111010101101011111
11010100100010110111001010010100101000011010001010001000110100111101110100111
10010011110010110001000010111111
1010101000111000111001011010111101111111101111
011110010111000100000110010000011
11100000110100100011011011011100100001011011000000110011
11000111001110011001110000001111001111001111111001110111010100011000101010
0111110111111011000001101101111011001101010011110101
100000101011101000110101011100011111011001111010110110100110000010001011001000010011011001011
11111001100111100001000100111
110001010011010011110111011001001010010110001101010101110101101111011101100001
1011111010110111100100
10011000110100110001110111101110111000111101100011001100001111100
11101000110111101100000100
0110101010011010111100100110111010011001010111
11011111100010001100001010100
011110010100011010101011011000010001010100000111110001101000001101010100100101111001101001100110
011101011
01101
1010000100001001010111110111000011010111
110110000110110001100111010011010110010001111000011000101010100
0001101110101101101010000111011010011000110101010111110001111110010111001110100
10101001111110101000010100110110
10000000001111011
11010100011011110111111100010001101111001100
010001000100110001
10
01100100111100000001101010010011110110101101111010101110101001100000000011010001100010110011
110111111110010111101011001011001001001100011010011001100010110011101001000101010010000011
0001111010000000111011110
100000111000011001000111000110000110
01100010100000001000110000100101010001010
1100000100001010101000001100110011011111100001010010100100100001010010
110011000111001010010000100010011100010001100100011000101100110000100000011101110000
001111001010100001111100111010000011110001001000111110101100
00011011101101101010011101010011111010101011011000010000110111000000101010011010101
10011111011100001100101011110001010110011110101100000101010000011111001011000
00001111101000100001010011010010110111111100111101101000101011110010011011111110010101111111101000
011100010001110011001100111010100110111101010100010001000110101001100100101000001111111
001001011111011111110001011100000100001111010010100010101001101111011011
1000111111000111110011000011101010011001111111010000110011000001010
011101111110000011111001010100101111101001100111011010110010110000000001100101011011010110001001
0110011001010101111111010101101001111101100101010001101110010010101111010110101
0000111101011110010101011100011101111111110010001111110000001011100010011100100001111110000110100
101110100110000010101
010101101011100011111100111100010101010000010110111
010000000100000100100011111010010111011010111000101100111111011011100101000010111010110010100110
1011001100111111111110011011001001011100101101101111000110011010
11101111010101101011010001111000100011000100100011000000110000111011111010011111111100110
10001100011101011001001111000010010101000101100011101001011001110001111001111001
000001000011100000111100111100101101100010000100111001110
1110110111101001001111110101101111101001011100111000
1001011111000011111001110011111
00000001100110100101111001010101011101100110111110011101010000110001111000011011000110
00101110000000100110100011111001010111110011101101011001110000110010011100001
11000101011001110011111011000111010110000100110100100101000
0110110000110010111100100101111100100100110010101010000100011111101110110010111000001011011000
011001011
111101001001001010111011100010010001
1010001001100001110010011001111111110100000010101110001000001000011101001
00011100001110011101101
0110100011110001101001101110101010110001011001110111110010001110011101110000100
0111010001001101100011110001111010
01000011010111100011100010001110000111001011010000001100110110000110110100001111001110010110101
10101100100000100111111110111
011011101111011101001001011101000010001001000101011
110011000101010
000000000
110011000100110010011000011101110011101011
11011001100010111100100001111010001011111100
111110000110001
111000111110111101101001100001101111000000001011000111100001001000110101
01100111101111011110111101101000110110001001111000001101010111000000011
00011110001111000100010100110001110100011011111101000000101010010001111000011000010100110000
1010011000010101101011100000100001010
1110001111011111110111010011011111101111001100010010010001011000
01001110
0110100110001010001011011110011101011101000010001111010011100001111000111101110100
000000010110001110111110111100000110000011110010010000101011001111010101001010101111001101101111100
1
1100010011001001111101111000010000011001011
1001010110001100100000011011111101101110011100111101100100
00000110010110111011110001
001101011001100011011011111000110110110010000111011000110000011010101000001010010110110000100011000
0110100011110001000100111100100111101111111010111110011000101111101100101011000110000
011010110010011101001001100100011110110000100101011000110101100010
00000001100100010001100010111100000101111110000001101
011011100010110011111110111111101100010010000010000001010000101100111011001111110010100110011
100100011110100111101001011101010111000011010010001111100001100110111111111011111000
100110100111100111100100000001001110010101000011100110001001
11011001111110
001100101111010101101001001001
01110
00100100101111111100101
01100101100010011001000101110000000000011100110101001100011010100000100011100101
101111110111001010111010000011001111011100111110110011010110010001000100111101
01101110000001010011110001100010011111010101011100010001011110111000110
10111101011111000101110010010001110010011001100111110111000011101111000000111
100100101011111101001000000000110010101101110011100011100001111001110101010
0111001100010100010011100101101001111011110000001001010000011001000001000011101111011010110110110
0001100110110101010000001110001000100111100011011100000101000001010100010
111011011011010100001110100110001010110010
1011101111001101011001111110100100010001011101010011100010000000101111011010
0000011011100100010011010000111100001100010001110100010001000000000010
000001011001101000100001000001001000010111101000011110001010111000001001111011110
00100
00101011010110101001110101101101100110
010000010001101001000100
110001101011111010101101111000100101000010111001100000000110001
0101010000011101101001110
100100101101101100100100
0101011
10101111000111101010011
11001010100111011100011110010011000101001110101000100011110110110100111001111101001
10000010000001111000111111110001011011010010
111101111001000110111000011
010000111101110001101000100111101
