140
110101000101100101100001111010111010001000111110001000100101110000100011111111
11100011
011001100111011001101010110101011111100011011001110111010101110011001100101000011110111100011101001
00100000110110011110000010111011000000000100101110000110100100100
01101001011100000010000100010001100101100001110100010001111010011110011111011101101101110001000110
11100010101100111101100100110010110010111110001000010000101110111101001011101000001101
0101011010100001101111111111100011101000111001101011010100001110110
000101100100000001
00010111111110111000000101101110001110110001111110111110
1001110100001010100001010
000000101010000101011111011011111110001011100
101010101000000111001101000110001010100
110100010010010000111010111110010101110011000100000011110101100
0001001000100010010101101
00001110100110101101001000101001110101011010101100010000
0001111001011011110110110010010110111111111001010110011110000001000001110100100110110
1110001010111010101111111100001111
01111111100011100010001
10111001001
01000111101101010000001110111001011110000100010101000011100101001100010010000011010001001
110111000011001110001010010001000100000
1110010
01111100011111011111100111001
0001010001100011101001010
111010001000010111100010111001011110011100010111000110100101111010110001100100011011
10000011110110000111010001001001100011001110010000110101
00100101001100010001001000100100111011110101
11111001011111011010010010100010001000111000010110110111100
1001
01110001000100100010101000100101011101101001010100111010111001000
0001001001010101110001011100110000100010010010010111000011110100100101011111001111100
01001000000000101110010110011111111111110101001010110
00111100000010011101110001000100000100110100101101000001001000101101100010010100
11010010010110111000000000110101001111011010100001000100010101110001001001010010101011001101
100111010000111000000100110101001000001000000101010100
1010001000
10110110110001
01110001011000110110110101000101111100100001110011100001100010000010000
11100111001110000101110011100110101001000010101110010111010101
0100111010111001011111100011000011110011110111000110111111000110101110010011101011
0001111000101111110111011000111110001011
101110001100011000010100001111110100111001
1011010100011100101111001001000010101001011111101111010111011101010
101011101101010101100101011101100010111011001101011110111101100110100100000
0001110100100011001000100000000110101011001101101101011000101111000011111111110101001
01100110111000
10111100110001110001101111000111100110000111101110011010000101001011101000001101001
11001
001010001111011100100011010001001011101111110110100000101010
0101001001111011110100101110101101101111111010010001110110010100110
11110011110011101011101010010001010011000010111011110010101101111011000101110000011101
010110010101101100000001010100101100111011010010111
10101000100100101101111100000001011000000000110100011010010010111100110100011101001110101001
11010111000100001101011010100011011010
1100100010110011100001100111001001010101010000001001011010111101011111110100011
011001010001101110000110101100110100100001000100101010101
1011111010101000100000111110010011000111100110110001011001111101000110111
0110010111101000110111011100100001100111001010010101100011001100000001011110100010011
100000111011101010111010011011101110010111000010111010011001100000001
000100100101000010001000101111010001101110001101110001100010011111001111100000000000
11110010010000111000000000101111100010111000110100011110011010111111000011110111101011010110110
011
11101001000100011
10001001010010000011100111010011101000011000000100001101001010
111110000110011011000010001010000111111101010001110000111010
1111
111010101001110110001001011001101110100111101100111011001100011110
1011110100111011100111111111000101101110011
011101110011101100100001111000100111000001000000000110110101010000000111011110010100001101011110110
1100110110101101
0001101110111011111000110010100011110000001
10010111111000000101000001010000010101111110001001011111010101
10110001000101101010001111000111010001001001001001100111110101000010000101110100110001000101110
1011001110100010101000101110100011100010011110111010111010001111000101011000100011100111111101
1101
0110010111001100000110010
1111100000111000110011110011011110110011011110111
000010000010111001100101010001001010010011010000110001111111111001000000000000011010001110111
001111100010
1000011110010011111000111010001101001100101010111000111110011001011011000000011010
0010010101111011111110001111111101010101101011010010100101101001110000
00111000010010001111100010101111110
1111001100100100011111001011111010110001010011100001100011011111
001100000000101001100110101011011100111111010111011110000010101010011
000101011101010000011
10000110101001000100
000001111011111111100101100111010011111010001011010011001001001011
111111111100010
000101111000110101
110110101011111100000000011000101001000100110011010001100
10111010000111101001011110010010001101000000110010111010100101000100111010100010000110011111111
00111000110110001111010101111011111110101011000100110001010111001100101110001101111101
101110110101110010110000010010011011100101000110110010011111111111000001100001110100110111000010101
11010000110111100111001101100110111000000
0000000001000110101110010101111111001000000101111001001011001000010100011001101101101
011011001110100101100000110111001101001011000111101101100
10000110001011111111111011011111001100110001
111101001001010111101
0000110001101101010100111110110110101001110
1001000
11011001110110001011100011110110011100111001000
11101000010001100101000001100100100111100011010110110
0111011000000100010100111000001000111010110011111110101000000101010010011000
0000011101111111011000110101010110111110100
01001110000111110000101110101001
00010010000010000010100000110100111000111110011111110011011110
0101101101001110000101011001110111011010110011000
1000111001100111111000000111111110011111110
10011001001101110111100111110000010011101010111100100001000010101000111111000011
001101011000100110001000111101000111000001101001100101010010111010111001000000111
101111100011011010100100101010011100001100110001111
111001101111101101001110111100001011110101011101111000110101000100011110111101010
0101001011010
1
010011111110100011001000110100010000101101010001101011101

110001100101111100010111100000001001001100111100001110100010110011101110111011
1011011100001000010011011101100100110
10001011011000010011001110011111010101011111011000011111011101110100011101110010000100001001110
0011001011000110001111110110111101001101011010011101010011001
00000110001110000011110101110000100101011001000011011010001011010111001011001
00010100100011101110100011010000110010100101001011100100000111010100001000101101111000010110
011000001101100101101
01000000110101101100010001000101100111000101010111001011110110100100100101011111001000011001010
11101011101011110011010101100110001000000110001110111000110110010101000101000010
0101001000101
0000111001100111

011111000110001001001111000
10010011111001101100000001011101110110110001001100110001010000100011110000100000000
111011000100101101111010011100001011010011010111111101111111000010011000101101001100101110010
11110100111010010000000011101011110000111100101101110101110
1001101011010111110101110
01110000100001101011110001001011001101000011000011110000100001101010000000011111101000
01010111100001100111011011101
1111001101010
100100001011010
00000000101001101111011101101110111100000000110001111101000101011000111001111101010111110
0000011110110010110100001110000011010000100010101001100111010000101010011011110000001
0110101011111001111000000111100101110100000100011100001111011100011011010000100011001
