387
10100000101011111011111001110100111001001001100111010011001110101001100000011000
11001101011011111010101011101101110101110001000100101011111011001
1001000010110100000011100110000001100111011111110111001001110110100110100010010
0111100001110101111100111111110111000000000101110011
01001100110001101111101001101110001111
101110000101010000001100101
000011101110001100100000110001101000111010111010010110101011110011101010110
1110001011011001001011001101111100100111110010100010000011111010111110100011001011010
100100100001100110100101010100010001011101010111010110101001100101001001011000011000100101
1000111011110100
10000000001010001100100001110111110000110101111000111110010100001
11101000110011001110000011001001100111100100111100100001001000111001101011001100101
0011001100110001110001001010100101010010100100001010010111011101110010000000000001
10010101100010010000010011110111110111000010110000000001000100010100110101111111111000
000000001001111110110000111001010101110101000011000010101101010011100100000011001101
0100111111111111001111010101101000001001100011000101110100101001001100010111011000000010
11010000010011100011100111111100101101100110011001
1111101011001011110001100110101000000010100001100101000100111011101000
101000101010001010100010010100110001000010011110110001011010010110111001101100
01110101111010011111001110111110111111110000110111111111110110000100111000011011101100
101101010110111101110111101000000001110100110001000100011010001010001001011001001110
0010010010100100000001000001111011110
0011111110100101000010010001010110001101010000011
0111001011000001000000001011001011011000001100100
000001001111110101101001
001010100001101000010100100011010001100000
101111100001111000111010001011110101100101100100010011000101010011101111111011010
0011001100011000110101010001010011001000100100100110111111101001
101101100001000010011010100001100000011100011000001000000100011110000
101110111100101001100100010011011011001011110000101110000110111011000101011110100010
1010101000110101100101111000001111
100010000001101110011101101000011000
111100111000011111000001000110010101000001011000111111110010101100000110011111111110000000110111
0010000001100011001110111010010
100111100111001100101111111001000011010100100100111011100100101001
1001101000110001100000011110110101010111101110010101100100100100011101000101001100111101
101110011010000110011011110000
11100000111101000011011010000101111110111111100011100010001100111000011001001110010
100100011011110011011100000001110111000011010110001110100000110000100011001101101010010111
00000111001110010000010000110001110111001101110010111011110011001100000101001100011000101000000
010111011110100000000101110101111100001010011101011000110001010100100110100000
100110000100011011000100010100011100100001011101001010110001100101011000100110011101010
000000110010011110001101000111111111011000100110000100001111
1011110010010100100011010010100010111000001000100
101100010111
00110010100110001001100110110110100110111010011000010010011001001
110110001000011001110100001011010000010001110101011100100101000000111000001101001000010011
010101101110010110111001101111000101
10110001111101011100101001001110100001000010101
010010111101
10100011100010100111110111000110100010101001000111011110100110001111011011110011111000001
000011001101000110011111100111100011100001101001000001110011111110111000100101000000
100111
0011111111100111011001001000111111010000110011101000111111000100010010000110111011001
100000000001101010100100110111110001011000100001100001100000
0100010010101110010111000101100110110111000101011100111010101001111011
0110101110011110110001100010011001111100001010110001011111111101001010010100101101101111000
1000001010110000011110
111011000101110000001000110000010100100110000110011100100001100110101100001000101011101111000110
0111111111101100100111001001010010111111110
0001001000111111111011101000111111011
111001100100101010110000110000
0101011010100111110000111000110001100
1000101100101111100010100110101110100100010101011010000101101000001000110010110111111101011011001
101011101011111001010010110001000011100011000010000111011011001100
1101010000110111011
10010000010011110111001011111111
00010110001101010111100001001111101001101100010010100110010111011111011110110010011001000010110
11110010001110110001101110100111001010110011111
1001011010100011000001100100010101101001001010001100111110011111100011110011111
01011110011001001110100011110110011001100110110000011
00010111011000101001111000100100001111100111111010100100101101010010100100011010001111001111001110
010010000001010111100101
11111000001
1100101011101111100001010110000000001110001011010110000111000110110001100000100
1000011010000000010010100000001
100010000101000001011100010011111010010100001110000101010100001010010110001
011101111100010101010100010011110111010010111011100100011011
10111110100100011100100100111111000111111000001101110111000000111101110100011101011111
1010010011001010010100111000100000000100000101110000101110010111110110000
01
1000110000110010010001111101100111010110001000101100011001011
1111101011000010110110010110001110100000000110001100
110001101001
11111101111000011111110110011111110111001100101
001011111000000011011101111
0101101110011000010111
01111101110111001001100100111010100110001101111001010111010001001011111101
111100
01000101100111
00111110111001110111001010000111100111001010000001011101000101110
11010110101011001010100100101011110010010101001101000110001000101000101111101011001100111111010010
1100110011011101000110
111000111010001010100000101100011101000010010010010001000101101100100001111101100
101001010100011001100001111001001011110000010011010010111111111011001110101101
100100101011111010001011001101101100100100110110011101000111010000
0000110101011111010010111100110011010
00110111110111011001011010101011000110010110111100011111001100101010000101000100001010
1101100001100011001111000000101100110001011100100000
0110101000011
11000111001110001000101011001100100011010111010011000100000001000001100010100101011
000100100100110100110110011000000110110110100101010000101000100000100101
00011010
11010111
11101001111111001001101110000001111011111011010000010010101101011
000000111010011111101000100110101010100001101110001010110100000010010010
10110010110101010101000110100001100101100000100011011110100101110001
00101011011110011101100011010010001110110110000101111000100001111111110
101101100000010001010000101010
0000100101011001010001010110001110101101111011101010011010110000110
0101010010100000101000111101101011110101100001000010110101001
101010100100101011000000010000010110011011111001011101011010
0010111000100010011100111010110000100011001110001101100000110101000101101101111101111111110
11001100100110000000010000
11001111010000101010
0111110010000101100000100011010100010
000101101110000100101111110000011110111011000101011011
00110010100101110000111000111
10111010100010000001011011110011100001000110100011001011000000000010011111111
0000001010001010001010100110101001010011111101110010010100110001010011101000111101100
001000101100001101110101111000100100011101110001100011
101101101011001100101000000011000000011011101100000100
01000110111100000111011
111011011011001100000101101
1111010
10110111011010011110110010001100110101001111
0010000011100001111100100011000000000100011100011100001110100010001011000100011011110110
001001001001101011001101010101111010111010011000111111100111101101011101110101010111100111
0101110001110110101
110010010011010111011111011101110001000110000
111000100111000001101111101011100110111001111100111101111011101110101010110111001110100001011010110
011011110000101001100000100000111101011101000101101011000011001101100001110111111111000
00
0001011010010011101110010001001001111111111011000101101000010011001001
1010111100101101010001001001111111111001100100
010101
111010110011110001100010101000100011011110110001100001100100110011101101001110000011110100010
1011111010100111011100011001011000100100110101110101
0010100110011011101011111110001011010100010100000110110000010110101001110
01001010011100110101
0100100010101110100011100000101001100000110110000001100100011110
010101000010100111100111110000011100010101110
01101110110100100001110010110010111010101010011011101111111111100000100000101010001101001100
010100100010000010101011101100111011111010001010011100011101101111011
110110100000001000011110100010110
100010010010000011011100100101101100010110010001111110010011011110
10001110100
010101000111101100010000011100100000011110
1110101101010111011101010110010100011001010100110000110110010101100
01011000100110101001010100000000010001110111101011110110001000001010101000101110101
011110100111101000001
0111111110111111100101100100000111011101100011000100000101111100110000
011011111101111100111110111000101101111100110111110001101101111101000001
10110011110001000011101101010010001011111000000000100
00111111111001011111011001011000000000000001011000010100100011001
0001101011111010010100110100000000010101100101001111010101010101111101010011111001010000000111101
10110110010000101110011100110000011001111010101111000111111101010101010001000001110000011
100100000100010001010101000001111
0111000011100011101001100011000000011001100100011110001001110110011110101110
111110110101111110
1011011011101110101000101111111000101110011
01110010100011001100101
1111001000011001011111011011110101101110011001100011110011110
101101000110010000011100011000101011011010010000110001111100110011010001100111010011
11001111110010110101110100010010101101110111110
0010111011101010100011000
00111110110011000011100111001001101110110101001
00010001001000010010011001111100011010111010111101110101011001101000
100110100111111000
0001111111101110100100010010011100010100100100110010001101011010010011111110111001000000
01011111010111011100
11101000000110000010
00001101000001000
010010011110101011000101110001101001110110000001100110010101001001111100000100110111
11111101010000010100011110010010010001011010000011000010000111101010011011000011111110001101
0111011011001000100110111001100
10000100000
00110111111110111011100101101100001101100101
010101000001
001001110111010010110001111111101
1110001110000010011001011101
0001100101110001110111101111101100101010101100001100110001010
11011110110101001
110111100001100110110001001000111110011111111110111011001110000000101101001000
00110101101110
1000010101
00011000000000010110000111000101001100001111000100010001101
1001010000111110110010001000010110101
00001011000110101110111010111111010011111010
10000100011001110011001111001110101010100001100100001111001101111111000001101100100010000001
000110111111100010010011001001110010000010110000000011111100011011010000011000010000101111100110
0101000110100010101010011000000001100011100000001
10111100101001000011110001111100011010100010110101111101
1101110111000101100011100111001010101111010010011110101110001100011
000110110011001000000010110110100110101000011010011101110110111111100110011000111011001000011111011
1001100111100100000001000010000110011100011000011011010011110111010000001100011110110010010
011111110010010101100001010001110101010110011100011101001110011111110101000000110010101000010100
0101110011111111011000000100011101011100000000101011001101000111111101100011101010101110110000
00001010101111111111101000100111100110101011011100111100010000
11110110100001110100010111001101101001101001110111
011000010101100010001110001111010
01101010101010000011101010001110
100111001000001011011001000100011011010011001011
001011000111001000011110010011010
101111
0101010010001100001101111101011101100011100100011111
0011011101100111010000100011011000001101100001110010000000
001001
011110111110101100000100101010111001011100011101111011000101111001000111110110101001101001111001
100000111010100000001000011110011100010011101010110000000001000100000110111000111
0001000111111100111110100111011111110111001111101
01101
111110111001111101001001101100111111001111110110011111111110011101110111111011101010110
10001
000000
111110011011110111111010101110000001010111001
011110000000101110101010101100110011101111100000111011110111010011100011011111111
110111011100001111011011101000000001000
10011011
0110110110000010101010111100101111101001101011011000110000001011001101100001011101101011011000
111101101011011001001101100
0011100110101101010101010001
0011000000111001010101000000101101100011100110101110110100011101101001011011111
110111111100100101000100000101101010110001100101001110010100000011100111
01
01110101110100000101010010111101110011101100001111000010010110011110011
100100110101110101110101011100111010001000101000001001000010000001110101111110100110110101
0111111100111011010011000011001000111000001000001100101100000111000111100011
1000010111001101011010
01100000100101101100100010111001110111010000010101101010111100001011
10101000010111011111011110101100000000
0111100111110111101111011001111010010011111001100011100010
01011011101110000010011011101011101101001010110101100001111111010110001001101100100000101001000
1110000100100111000110100010011000111110100110011100100101010110101001010001011000001111111111
11011100101111011100010110111110111101100000010000001001001100001001111110
001001101111101010011111101011110111010101001110100101010000001
1000011011110001101111001101010100101110
010111010000000001010000110100010011010001110110000000110010000000010111011001101111
010011011011101110110111110011110111001101011101111
1011000111110100100111101111100000010110001110110001110001000001101
0011111001001010110100010101010001100010001001100010001011
000010001100110101111110010110011100000010000
010010010110
11001000010111001001100011011010101011111111001001
101001110011110000101001011100010101111001000000111101
0010111100101
111000100111001101100111000100010000011010010001000
10000001000001001111010011
1011110011101110010100001001111100

011001111100111000101000100000000001101011000110010101100011111111001
0111111001110110110001101000000000000001111001100100000101101110101001010010000101011
111101100010010010110001111000100110100100010
0110101001110011011011001111000001101110010001110101010010110101101010
0100100011000011100111110101111100111111101010110111
01111001100011001001001110010
1101110000101000110101100101101101001000011000010000101110100010100111011010010001110001000001111
0101011010111001110101001110001111010101
011100100110101000101110010011110000001000010001111100011011010011001010001101000111
0001001011101100011010100001010011110101000111001000011000000110001111110100010010010001111
00010011101001111010100101000110000001100111110100111010
000001110110000100001110001000111101010000001101001011010001101011111010001110
01000111100001101000011111010001001110010100010101111111110111101101
000010011100110100100111110
010001101001001001101011100100011100010
0011010011001101001110001001110100111111101111010111011011110101001101000
1011111001101011111011100110110000100010111001100001100001110011001101101001110101000
0110001001111011111100011000011100010101011111110111
001001000110001111100100111010110101101100101
1100100111001001001110011011010011001010010001100100000100100111011110001110000
000110100001000010011111111100111010001010101001
0001000011100101101100000001111101
100100001110001000111010110100001100101100001110001011000010111001000000000010100101
101101100000010001000100101110011010001101101011000011000001110110010111000001001
001001110010111001011101000101011010110110100111
10101101110101
110010110010101010111100011000000011100101011101100101011
110111
100110110110011011001001111100000001010100000100110001011011001111101110010111101000010
11011
111011010
101110001101010011110101001001000001010101010001000001110001110000001
100110111111001101101011101000100011101001010
10000
10011000111010101100000010100101111111100000
0001100011100000000111011111000110000100011001101011101011001110110101011001
10111101101110011001111011100
0000111111000001110100010010100011110010
0010111101000101011011000111111001011111010101100
1110001100110011101100101111101111011011000011001000101
11101100000100001010100000111000110101100
110001111101011001100110000100100100110000011111010101000100111101101000100111000
0011110111011100010110010001001
1111011110010000000001100111000100101010010101011
0101001001
101100001011100001001100010101110110100100111100001101101100001
1000011100000011011000111010010000110011001001101000100101
1010101110101111010101011111101010011110011101110111111111011
1000011111000
000000011101111110100110101111011111110001001001001010110100010010011000101101001010010000101
10000001011001010101100001111111110010110001010000000101010011110011011100000
11100101110010100011001010100011001100
01000011000000000101110101110011
1111100001110111010001011000101110101010100011100001100100000100010111111000101000110111101111010
0111001010011111010111111001110111010101010001001110100101111001111011011011011110010101110
1111000110110
111110101101100001101100000000000111100001000010111011010000111100001001000001000111110001111110100
101110000011011100010110110101011101011010010000
1000101010111011000100100110010011011000111101001100100
00
00011001110011111101011001000101111001111000101111100110011010100010001011010101001010
100011000000111110001001111110100000110011000000101001110001000001110001
11110011000100101011111011101001011011101110111111100100110110110111
0110111101110111101110111100001110011110011100
00110001100100110110100101010010101010010000111110
00110101
111001101111000101100010010000100011110
110110001011010101111100111011111011101001010101101010111001011000110011
1101110
0101101000111101100010010
11100110000101111001001010010111100010011111000110011110000
00011010110001011101000000001001000010001101001001011000100101100000010100
1111001100100011000011100100011110100001101100100101101101111111001000
110101001101000101000000100011000101101101111101000110100000000111
100
100011100100010011000101
11100100111100000
010001101010010111000110001101110110100001101101011100000100110
0000001101011110011100000010001100001001011010010100000101101110001
011010111010011010001101010010000110100010101000100010001100110111111100101111000
01001111100010001011111110101001111011010111110001110001
011101010010010110111001001
001011100101011001110110001101110011001100010100001010010100100111001
101011101

11001000001100110111
01010
110110000100001
00101110101001000000001001001101010100101111111010010010000101000011
010110111001000100011110100111100000111000110010000100100001000001010000101
110001111101000100011110111101111000011101101111110010001
00001101111001000001110111010100000111100100010111
11010011011110011000001
1011000110010010101101101110001110101
00111011011011101100101001101010100001
1011000001000100101010101010001000011100100011101011001110010011101010101
1010011001000011101100011101110001011110100111111111100111100111100100100010111100011001011
0111010100111110100110110
011101001111101000010
111101111011010100110001000000110000100011010100111111100000
101111100001000101011100100101110010110111001100010000100110100000
01110011100010000000110100010011001110101001100001100001001111011111100100111011001000011
100101011010110000100101001010000010001101101101011010011
111101100100011100111011111100111011100100111110101001100010001111100110100110110001001001
010011010001011101100000001101101101001011110010001110010010011001
100101001000111000101010
1011100010110100110101000100010100111100000000011
01100111111110001100000011
111000001010110110010100110010001010000010100100000110101001001
011111110110000000001011011011011011010000
11100110111001100001101001111110111100000100101011110111011001111000111100111111
100100100100011010010111011001100110001000011010000101001111101110110000101100110110011111
00011110111001000010111000
0111
10100100000011101000111000100111111100010101001000000011100000100110011010101001110111011
01101
1011010000010111010011010111110001100101001010010110110011000001101100100110110010100100
0110101101001101000110011110101010000010011011110100110000
11001100111011100101001110010111011011
00011100010101100010101010100110111100011010010000110110001101010
10100
11111101101010011010001101110101100110000000111011011101101101
10010110
1110011011111110101011001010101111000001101111001010010110011011011001001001110000011110000
011011011010000001100000000011001101101001110011101000010100001110111100110110111111000
01000011100110011100000110000111011100111101011100001010110001011000011110
0100000001000000000110010110000111001000010100010011010000100111111
010001011111001101010001100100101011001100000000100100101010111111110111
0001111101110110101110001001011010101110001010011100101110
110111110110011101001110011011111111111001001011010011111001010010101100001001100001011100011
00110101
11111000110111100001011100001101010010101010101000110111000111101111
00100010100010100101001110011011001111101111010101011001001110011110111000101111010001001101001011
111100000000100000110010111000101111001010101111010011001
10010101
0001001010001011001010010101001001010111110111011
1100100100101111100001001
