913
001100110001010100010000010100010000010001000110010011000110001011111
01111001010100101000100101110001110110000011011000111101010101011001000001000111110010
011001010111110100110000111110
10110110000100111011010101110100000011100001011000001101010001100
1011111010001010101111111110100011001011011000010000001011000110101010110100
10
000010110111101010010010101110001001011100011011000010100110110110
1111100111110000100111011111110100011
101101011101000001010111110001111001110101110111111011100001111010110110110100000001110010
1011000000011011001001100111001101
1001100110001100001110110110001011100010010001100
01011011011001100011100110001101011011001010011010100110011011011101011110010100100100
0001001111111010010101011001110110111110010101101000111011100000010000
011
0000001000111111011011101101100001111011
1001011100101111001010011110111110111001111101100
111011011110111010001010101101000111010010010111000111000110100000101110000101100111010
111001111011
010001010001100101110011110111110111101010101111
0011100100001110011001001
01111100000010110100000111000101011101100101001100001100000111110011000011010111
01000110100000110
01111100110100000100011010101000000101111111101110111010

100010001001000001010001010100001111100111
000000001010010101011111011010010110
000001
11001
11010111111100110011000010111001111110000111001001110110110101100101111010111001000001100110
1000100110001010001111111100010101110010011001110
10000110010100001101101111010101111010010001101100101010101111100000
0100011010010100101001011101011010100000000011101001101000000111011100110011011101110
001100100000101000101110000101101110111
01001101011010000001110001100111010111111011001
0001
01000001010001101011110110010011110100110111011001101011010111001111100001011101111100
10000001111000000101100011010011100110011111011111010000101010
01000000010100110100001001111111001101111
10010011111011011011001100011110
0000101001110001011000111011001010101011010010100
00110
10100100110100110101001
0100000011101001111001111000010111100010110111110100011111010101010011101
0101100101001100000000111110000010101010101101001000100
0111101110010100111001101010011010000100001001101010010000110111011100110111000100101111100101
010010101001110101010000111010101111100110000110010011010001
11101000100110011
000010000101010011101111111010110110011001000011010010001101110001000000
0100100110111100001011011100111101101011101111010010111
1001111111110111010001110000001101
0001100000101110011001111
0110010000000110110001000011000111011110
1101111011010110010
00100000100000011001000101101101100100111001110000110010011111111010010000110110010011101011010
001100110001111001110001000010100111001000110110111111111100111110011101110100110100100
010101010100011000010100100101110001010011011010011001001111000100000001001000
101010111110111011110000
0110010000101111101111000010101011110010011101110010
0001111000110100000111110010111000101110111001100110011100011
110101001110110010110111101110010010100010110111010100010111001001110
1010010010000000101001111111100000110110011111100
0101010011101001110101010001101101101110110110010111000000100001001011100100
01011001011010101000010111010111000010000
101
101101010100001010100100111111101111011010011101110100101000000011010011110000000000010011011011110
101111100100101100100110011
111101110110011011010000100011111010110110010001000010000010101111111111
00000101011001001101011101000001111100011000111100100110011011
1110000001
1000010011011011101000101110001
01000111
111110100000000001101111010111110001110011110001111010000
10011110111111101110111000100111000111100011000000110101
1110101101101000001001010011011110110010101000111111110101100000110011
1111110111011001000110101010111101101101010000
1000000011111000110101110111000110000101110
11
101001
101000000101110101011000000101011
010000101000111100110111111110100011000110110001101011100111000110110001101011010001001
10011111001001100110100111
1011010011001110011101110101010000100
10001110110100111011111000110110111100000111011100011000010
00101100111101001010101
001111101000100100000001100111001010100011101000
01100010101111010011010010
110111110100010000111011110011100000001001010101011001011010001011001
1001010011010110010111100101000011001011010101001111001100010001110001011101011100010110000001111
10101001110110011001010001111001100100010011110001011
1
01110010101011101111000100111110011110111
011101100000010110100
1110100001011010000100001001001011011010000011110101110010100000101000100001010001100111
100101111111110100001100001000001000000110101
010001101000101001101010011110000000000010010011110
00101100101
1101001011001011110010100
110111101101011101011011010000011001001100101001001111100111010111011011
010111001001101110011010010111100100010001001100001010001011100101100101101100101010
1001010101111001010011010101010010100010100011001111000011101010101100111011111101101000100010010
1110010110100011101000000001010110000111010011001001110011000110
1001110011101100110111100
10010010100001101010100001100001111010100101010011001010
1111000100110000001101111011011100010000011101011001011101011001
00011100010111000001111001011111101011000011
101111101110111111100001100001011111001111010101001100010001101011010011101101
11101100000111101110001101011001011111101100000111011
10001111111011011
100000000110101001111001111000100100001100111101100010110111000000010011101010
0001110101010111110010110011101110001011001101011101011000111011101100100010
10001101000000100001000011011110000110101100001101011
1111111100111001111101100000111110110111001011101100011010110111110101101
00011100010110010
0001011001111
101
100100101011000110010011010010010010101010110100100000101110011000101
1111000100111001110001111011000110100011001101100001111011111
0100100001110001010100101000000011111101010101111111110001010001101001111101000010100010100
001111000110001011000001010010110001
100100111110011000100000000011001010001100001011010010000001100001001001000011
11111101000011011000011011111111110010000000000111011011010001001111101100
00001001000000111010010101000110000011111010001000
010
111100010100111101101000001101010100011010
101110001101110111011100010100011101000001000100111101000000100011100011111101001110101111110100
100011111110011000111010111110
000001001001010000011010100100011110000110100100000010010100110001010101101110101011010111110110
01101001101100111011010001101000000101111011110000110010000100001010011101110100000111001100
0111010001011011100011100111101100010011110011100010000100110000101111010011001000000001000010001
0010010110001010000000101011110011100010
00001
10001100110010001100100011001011001100001101001000011100100001110110111011
00100101000101011101000000011010100111110011010110111110111010001
01000000100010101011001111100101010000111011001110111101
00100101100111000001001010011110101001101010110111
100101100000010101110110000110000010000011011010111110101
0001001000
110110011000101000110010010100110011000010111001110101110110110111100
11001100001110000001010000010101110001001010111010101011
101011001010001110101001011100101011001011010111111110100010010
10101000001011100010000110011011111001111
11110000010111110011111100100100110001001010111100010111011010010001001110111010010101000110
101011001000111010011010011110011001111101110000001101010100010001111100
101110000101011000100010001000110101001010110101101101001
010101001000100101010001111101110111100010111001011111011000111
00010001010001101011111010101010011101010100001111000001010100010010001101
110100100010110010011101111
1101000100001101010100100011101011011111001100001010011000100011110
0100011011001
0110111000100110110010000100101111011010110101110100100010011111110011111
0001000010100101111000000011101101000011011010
0111011011110100010101101001000110001010011110101001010010101011010
00110001010011111111011011001101
10011010100010110010111000100001001110111100000010000101111111111110011001000001110100
001000111110110100000011001000000001110100010000110010011100001110000111110
1010110011000010001011000111100100001110110110101111111000000000000110
1011011100101
110011010110011100111
110000010001111010010011011100000101110000101000001010000101
11100101000010110110001100110000111101010100111111010011100010010010
00001011011011010001100010010100010101010010110010101001000000010101111110101
011101011011010110100000111011
10101011110001011001001100100011110100100100001010110100010001100010000101100
011000001010100010000001100011000101001101010110011010010100111101111111101011000110011
00110110011001011101001110010101010011
100010100100100001100111110001100000011001
101
10001001
000001010100010001111001
00100000011111
1011001110001001100001011000110000110011110000001011
10001010100100110000000011010111010001010011000110000010010011110
111
01111101100000100111100010011011100110011011110010110110100101010010100111000100101011011011110
10110000111010001011000010100101110001101111000101111100010010111100100111000001111100000000000110
01010111011110001101000011010010111011001101111101000111100101110011100001110
1110110101101100110110000101001111010111010010101010001000100001110101001010000110111110011
00001011100010011101100001
111010011
11101111011000111111111110101111100010000101010101000001001111010010000100111101011001110001101
1110101010010011010011010000010001000100111000001010101101
00011111110101010111011000011110110011010001100011000010001001010000001
1
11111011110001001110000
010001001000101000011100111011000
00011101001000000110100100001101000
1010010001011010101110100000101000000100000
10000011110111111000000110101000110001111000011110
11000111110111
01010011000111000111000001110111101000100010
110010111010110101100101101010001010111010101100001
00110111001100
11100111110111100011010111100001101101000111011101111000001
11
00011011011111111001100010010110111111110101110101000111001001011
0111000100001110000111110110010100110001000111100110111000100111
1000101
10111101100110111001011111100001010110000011101010111010001110011101111000010011011101
0100000110011101010011101011101110110110001110100101011110100000001111010
111011010110011110010110010010000000011011110101101110111111010001011101001
1111010010010011011010110
111000110011010
0100011111111010101111000000
01011000101110101000111001000110111000110010010111011100011110001010010101100110000
10110001001
100110001011
11011010111010011000101101111011001101001000110110101011011011111000011100111111000000110111100
010100111100011001000000110110101101110001011
1110001011011111000110010101100111101011101011111110000111
001110101010001111100000011101000010111110110000111010001011000000011
1001101100001101011101110000101000001
00000111111110000111101001100110001010100011100111001010001010110000011
000011000000000000001
0001011000010000100110101110000
100010111101011010011010001001000011011101111010000000101111011111111101101111001011000
111111001110000011010101010000
1010000
1101010110101001011100110100001110010101001111010111
0101011101100000011010111100000111000111110000101100010000000
00101110100
1000110101111110101000101110011010100101001011110101110100
101100
110001111011101100110001101001010011101000000110101000101001110111101011000001
01100011010101001001111101101
11000110101110000001110100111111000001010000011110001110110
000000110001011100110111010000101111111110101001111000
010111011011011001111010000111001110110101011101011111101001110110010111010011111010000001
01101100011101010110100111110010100000000101101010011111
110010111110101001101010111111010
101100001011011011010010100111011011111000011101101110110010110110101011
0000100100111100001011010100101100111100001001001100011100011000001101001
0011101101001011110001100101110011011101000110111110011110101011000101001
100011000100110111101011
101101101111001011011111111000010110001010111011110011101101010101110110010101
100110001001010111001101111110100101110000100010000100000011100
010111001100100111100101111
1101110000001
10100010111010101000101100010100101111001111011111010001101001010110100000110111110101001101
000001111011111110010111010100001101100001101100110110100
0001
101100111001000000001111011111001001101111010111101100100011010101000011111010011100101001001
0110100010100001110001110101001010010110100001011000100111000100111011001101111010001000010000111
10100010100001010100010100001010110
101101011101110011110110101
0010011110000010011111001101110110000000000110010101000010001101
0011101011111110011111100110001001010001100100011101
0110100011010111101100000000110111110100101111110101111011010110000111
0100100110110011011001110100101111110000101111110110100101100111
100010110000110110011001100101111111110101011111000101011011111010001011110001000111001100011
111100010111100001110101000001100100
10111001110011011010
01
01000100001000110010111100010010000110110101100111001111111000000111100110111010001
111001100011010011011101011100010110010111100010100110010110100100110001010110110101010100001010000
000011101101011110100100001100100011110111100000001101101001011100000111001100000101000010111011101
0111011111010000100011010010111000110101010011111101
11110011110111010111011011
1101001110000101
01011010100011000100010010011100011111000101010100000001000101101011110
01010011010111011010010100111111101101111100101000100011011110000100000000000000000111010
0100100111011111100110110010001110100100001000001100011001100011111010010010010111011001010111
0000111110001001101100001001001110100000000110100101110010000000100100
10000100001111101
10100011010100011100000111111100101101011001111111110
0011000101100100101
0111111010100001000000001110101100000
110100101001110110110010110100011001010000100111100111001010000011101001101111111010111
01000110110011011011011100101010010110110001010100110100100010111
0110011001100011100001110000110
1000100010110000011101101

00011100100011100001110000010001011111110100011010011000000111100111111011
10001111000111011000101101100111110100011001100100011111010010100011001010010
0001000000101000000111000001101111001101001011011001001111000011010111111011001000010
10010100110010100011100001001000101010110101111000100001100101010100111010000110011011000
01010010010000100001110110001000001001110111110
1011000111110100001000011010111001000100111000001110011101000111001101010001000111111101110100
11011110101111001011100110000110100001
001010010111111111010001001011100001000010110011000100001010011110010010011110010010000010
1000000101101101100
0000011110101011010101100100101010011111100110001100100011
0000000110011111000111101100010100011010110111
1111110000011111101110001100101011100000001101101110111000001110000
001
0100010010100111101
111000100010001011100011010110100100101101101110110111100000111010010
00110110010110101110010
01101110100001100000001110011100110000110110001110001
011101001110010110
0000111100110000101001110111111011110101111110101001
111010101101001100010001001111000100100000100011000110001011
00100100010110111110011011011010011111000011100010101
010111010111011001110000000110111111101000100011011000010000011001111000001100000000110
110000011
110001100101000000010011110
11001011010001001111001110111101000001011100100001110

11010101011010100101110111110010100000
0011001010101111001110110011100101010011111111001100111101111010110001011101010100000111111001
00001110001100111111000110010111001011101101010000000110
1100011001010110000100100100001000111000101110001011100010100011001111100011
1110110100000111111010010010110
010111100100000000111010110110
00010110010000110000000000100001010011011111011010110110100101101110110001100101010000001001001110
110101001101010010100100111111010100010100101010011001100
001111101101110110011110101100000100010000101110101000000110010010101010111111000101011000
100100110101111111010
0010001110010011000011011001001000001110001000100001011001110111010100101011000100101010111
01001100001111001111010110011111011000010100111100100111100110100110

001010101111101110111001001101011011101100100010001101000111101001010011000101001001111101111
01110101010110001010000100010111010001010111000101010101001110001001000001110010001001111001101
1001011111001011110011010001101010011111110111001000011010001000101011011001100000
00010000101111001011011110110111011111010110010000000001101111101010001000110000000011
010101010101100010001010101101010011110111000001110100110110100010011100110100001101110110001010
11100000101000011000011000000111000011001100001100011000101001110011110000
010111011100110111010010100001110000011111000001101110001110001
1
0001101001000011110101000000010101011010011011
1010000000100011001010000000011100000110100110001110
11000010000111111110011100011101101110110101
1110
10010111110010010100001010101010010111001010111111110011111100010100101100111
00100100110100110001001110100011010101100011001110111101100110111011111101111011101011010
0110001100011111101101010001001101000111001000010110010111010000000001100111000000
011111010110101111111000001010110000010
01000110010110111000001101000110111000010010011111111
0111100010011011010001100110000010110111101101110111011010010001010100111
1100001000011100000100110011001011011001001000101100011100
00001100010110001101110
1100101110
001001
100111001111100010101011110110101011100000101000110011001110
000110110100100010101100010001001110111100110100010111110000101110111111111111000110110010011010
01001100010100001010000001010010111100110100111110100010100000001101000
10101111111111000010100110001010110010000011010
01001110100001000111001100100110000110110110011000011110010
10001110101111111011100010010011000001100010010100110011101100000011001111111100101101010000
010010111
10111000101101001011101111011110011111110101000110011010000101111000011101000101110100100101110
100111001111111101011000100000111011110101010010101010
010111111001111111010111001111001000110001011000001110001110011001010000001111001011111101
111111001110011111001001110010010111110001110010011110110010001100110011111010
011000111010101110010110011100001010
1101000110010100100101111010110011001000101000110010001101101000011100010000000001
11011000100110011101101011111010010010111111010101100101011110100000111011
01011100100111001010111100100111100101011111101000100001000110101111110001
110101001011111110
000010111001001010001010010101110011001
01011011110101001111011001001000000101110100111100001011
01110001110101011100110000000011101000011000010011111100100001001111111010100
111110011011000000001001000000111011101011101101001000101010000
0101011000110010100000001001100100010100111000101111010110011101010101010111011011011000
01010101
00000
01011000100100010101010110010100111001100101111000
001001110010011000100100010111010011100011111101000100000100001110111010101101101010010101001101010
0010101000011100101111011111101001000100010010011110110111001
11010101100101
000110010001101111100001111001101110100110110001101110110000110110111000100111010
11000011000110100100111110110011110101010110001101
100100010100110011001
0001110010101011101111110011110100111000100101101110000101011001011100011101101101010010010010101
010101110110100101101011110110010110100
11101100111110000000101110111101110000010100111001101011101010010011
10011010110100101111000000011110100000010100101010011101010000101011110001000
0010111001001010100001100010010011101101110010111111110010111011110001100101110000
101011000111011001110010101100010011101001110001111101110001000100110110101
010100011001000100000010010101000010100000
001101010011011111010111101111001101011101011010010100111
0100011000000111011000100100
100100000101111100100111110110
0111000001010100101011010110010001100001110101010111000101100011011010010001001101100
110100011010011001011000
001000111100100100
00000000000011010111111110010001111100001
000100011100111011110000001011101111100111010110001111001010001011011111100111110001
0001110100110011111101101100101101011110000110000000101
01101010110001001111000101111000110101011111000100000001111000110
1011101001111000101000001101011000001000010010101011101110110110001100
00101100
10101001001001100100110111111111111011001101010111110111011010110111000110001
101101111100100100100110010101000
111100000011111011000111100001001100110110110110010100001101100011100
11001001011101101
000011000100010111000110000000
01110101011011100101100010111000111101111001000111
010010010110110101110100011111011101000101010011111011001000110011101110000101
0100110011000100000
0101101110111110100001
100011
11011000100001000010011100100101100100000101110110011011000011001110010011011010001001010011101000
001001001001001011100010111110010011101100
1010011
111010011010000001011110110110110011001000011101000000111000011010110101101101101010101111011
01111010101111010110111001000111101101001011110100000010110001110101001
10100010110101111101101001001110110111111110111110011010000101000101010000110010110110001
0001111111101010011010010101110111100000101010011101011010001011001010000110001000011000101101
001011100100110101100001110111010110
000110100
111111111111001110000100110000001010001011
11011101110100001000111010100010111011110011111001001000110010111010010101001100001000101011100
010011010010000001000110001111111000100000001101101100110111010110101111011010010011
110001
01110111101110100100110111101100111100111110101100101101000100000111000111000
0001
10001011100100111001010110000110011010110000011011110000101011001111010011000101101100011001001100
0011010101110110101001111100111110010000100111011111011111011010011111001011111000
00010010001000
0001111111100010001111001000110101111010110010011
1001101111111100
10001110100011001100
100110010101001110010001111110101000100100011
110001101011110011101010100001011100111001100001001101000100001100111000000100110011
11111101011110010001100011101100011110101
01000100001101011110010010111101001011101111110000011101000001
1101010000100111100000
101110001
1000001000100110110111101010001010110010001100000011110100100
10100100011011111011001
100001100110110001
0111111010010010101111011110111011111110001
001110111100001101111
00001111100
0011011110011101010001110001011011000010000001111
10000010100011110001011010010001111111001111000011010111
00100000100111011110000100010111010
0100010100001111011011001110010010000000001001
0110010001001111100101101111000
100101100010000100001111001110011
0111000001111011000100101110001001101100001010100111100011010110100001011011100100000001001
010000001011000000100111011111101010100101111110100000001101011000101001000001101010011110
011000110010111111011010111011011100101100010101011110011111110010101011110010100001110011
011110110011101110010001100100000011111100010001001000011
11100010110
010000010
10000111011101001000111101011101001101001001010101110
010101000101011111111001010000111001001111001010101110110010000001010101110101101111000110001110
1101011100000111111110
0100111001110000011101101100111000010111010011111010
0010100111011011110001001011100000100111110
00110
111101100010011111111011
10101100000101100100101111111011000000011101011011010011010010111110001000011100101011110
11111011110001000
00111011100101100000011101101101011111000000110010110101110
011011100110001
01
00110111100010110011011101010111100101010111010011001100010011000011110000111000011
0111100000100111100101101011001000011000100110111100111011
0001110100111100010001111101010101100000111101010000
101011010000101101011000111011111100100110100101011
0010111001001100110110001010100110110001110010001110011111111
01101101000001000110011000001110101000
11101011111110001001110010011010011101011011001010111
11100001100110001011000001101
11100010010110001000
0001
1
001110100101001010000100010010000110
0110010100111100000000101000111111101010
0001110011101101101111000000100
1100100001101001101110000101111010011000
00110101011100100010011110001011011001010100010000000100010000
1110001
1100110011101010011100
0000000101000011010011000110011111110100111100001000001100100011011111100101010101
01001110011001010010010011111001100011
01011111111111110111110001111110
1010010011011011101100111000010101100100010001011
1110000110000100111010000010101111000001011111010110110000111100100010110111100000011001011101
11110100000010001101111110111101100111001001011111100100101010011110
01101111011001010101101
110110101001001110011111100110001100000000001011010011011010001100101001000111110000100111000010
0101101100000011111010010100111110001011111011100010111001001101011
00000010110100010111000
010111111011010001110010000100
00111111111101011000100010111010101001101100111001100111
0111111010011100000111100010110111010001100110000010011111100101111010010101000000101011
1010001010111101010010101001000110111101000000110011000110010101110111010111001001110
1000000100001101101110001100
1101011011011110100011011011101001011001101100011110100010110011000001110000110
010110001110111111011110010111000110
001101000001001001110111101111110001111101
011111100001011000001101000010000100010010
101001100101100001100010010101011011
001011010001111110110111110011010001010111001110011010111110001111100100101100001011001000001
000011010101001110011100100111001111110010100110
111000000100011100001011001101110110011010100
001
1111100011010111001101001111100011011010011000101111001110
1101011100111110010111000000
1001011011101011010101101110001110000100010101111010110001011010110000010100
11111111101000001001001001110110101100110100110
01011000010111
1000110100100110110001101010011100010001010011110011001010110001
010101000100010101111110101001110010110111101011110010001100110
0110100011
11000110101110110110001001101110100100101
010
010001010100101001110010000110110000100110100001010101
0111000001001000
11010000010000001101010000101100101101111000111100010000101100101
010010110010101100000000110110010111111101000011100111100011001011101010011110010000001010
1111101101011111000010100101011111000011001111100111000011100111100000
01111101111
0111010101010010111110
00100000110001001100010111000101000100111001100110100000111101001111011100101000
11011100110001010101001011000100110100001101010001010011001001101011011010111101
11010010
010001001100001011101110001011111101011111011111101111111101001000010000
00111101010100010011
0010100110100000110001110000001010100101011101111100010011110001100111011000110011
111000001110110010101110010110010101110100111010100001100011101001010101001010010101
0110111101011100100001101001010010011111001111101110111011000000000010110100000
0111011100010011011100010000101000101101111110100111001011101111010111011111110001100
011001010000010111011001001001111001001111111011011111011100000011010100100001110111010010110
1010100101111110101101011011011101100100011011110100000001100111110010000001001111000000111000
01100011111011110110011100
1100001010100100110101010010111011100011001000110000111110010101000010011011100
110001101111010001101110011000011010101101111111100001110111010111010011000110000101000011001001001
1100100010101101010011111101110000010101101100100001001110010000101101111001110010111111
000010001010000111001100010010010
101010011011010110101000001011101111100011011011011010100100110111001011
11011000001101011110110111100000000011101101010011011111100000010110011011
0001001011101011011011101111111110101110101110010011111110110
1000011001011011011011000001011100
111110100010110111000110010101110011101000011111111001111100
0101010001101000101
01110101001101000010101101000101010001001100100

11101111111000111111101010
1001101010100111011010000111101010000000001001111001111111100111011000000100010111011
001101111100011111100110000011010110100000001101010101110
0110011011001110111000100101100000001110110111000
011110011011100011001000010111011011001110110010100
11001010010001101110000010000111001111100001101110011
1101111001110000001110010101110111011000010011011011001110100001001000010100
00110011011111010111001000000001110010101111111011111000111001
011110100001011000111101010000110110001010010001111
00111001100000001000
10001101111000000111010100001101110101
00011000101101000111001000001000101100000100100011111
00000001101110100111
111111100101001101101
100011000010101100110010111110111110111010101001100010100011001000011101000010110111001000000
0010000011101001101110110111001101000001110010011100110110011011000110
1
100101010001110010111000000000011100100010001101111100110010111
1101000000001010111000
10011110011100101010001001110010101110111000100
0110110001110111001010100101110110110100000101110001110000111011
10001110000110
011101111011
000011001001
10000011010111101

11111001111101010110110000011011111101001110111001001111110011110111010110000101
01110100011111101101011011110000100011111011000010100000001101010010110
1100110011110001001111011011011101010111001011110111001101011010000
101100001111110100001100000
0001110101110110010110000101010101010010111100000111011010001011010110001000100011000010001010
0100011100011000100010
001111101101101101001110101000100111010100000
00111100001000101011101011010110100111111000101011001111101011100011100000000111110010101111110
00101101001010
010001101011101011011001101001000011011000111111111000101011001101010110111011011100011
0011110001001100101011100110000010011001001111011110100000100100110
1111000111100100
01111111010001011101111
1
0
000000010100
0000000111001011001111011110011111101111100011010010111101011001001000111001100101101000
011010010000100100010101100010100101001010100100
00
101110001110110111011010001111110000
010011100011100000001000101011100001011000110001010011100111110110101011011
0011100110
101000010100000
110000011010001101010100100000101011010100110110110000000010001111
001001110010000000010101100000100001000001101110001
11000011111010110100111001100110100111110010100011111011001011011
01110000011000011110100101111111001111011000011101111101000011011001101011100001000011001010
0011101001100001111010000010010011001001011010001010111000101011001000110
000100011001110011101011010100110111101111101011101010001010000000010101111111
01110011100111011111100011001011011001110
11001111011001001010111111100011100111000110
1110001111110100101001100111101000010010100
0000100101010111111101100001000010100111011111010001100011100011110011000111000111
0010100011
11010011001011000110
010111110000001001010001001111110000011000111
1010110111011101010101
001001101101000000010010100001001001000011111111111
0000111
00010000011011111011111110000101101011010010
010101000100011001110001111110101110001011011011001010000010001001011100000011111000000101010
1010010000111101100010001110111001000011011000001
00011000101110110001000100010011101111011111101111001100101001
10010110011
010000100010111000011100010010011111111010111001011100
0101000000000111001000010000110110000011011100101111100100100111001100001110101
0001110110000010011101000101111
1110110111011010001111110000111100011101101110011001110
100011111111000010010111000001000001011001101001011101111
0100100101011001011111101110110100011011001001111100100101000001101101011110000101011
010011110
0000000000010000000100101010110100010010000000000100011100100
11000100000000100000011111100010001111011100001001110000111001111
101011000100101101110111000000110100000011
0001100100111101011011100010101111100000100001101010010110110101101100100
00011010010111000110100
011000000010001000110001011000100000010000101000110001100101000111011
11100010011010111011010101110010000000010110110010010
11001101111001110100001001001010110010101010111000110001001001010110001010010011001011
00110101010101011110001
0101011100101110000111010110010000100111110010010010
0110001001010000000001111101011
1001000110011110111110
0000
110100011000110101000111100101011101111100010111110011011101
0000001100010001101111000101111001001001
000001100100011
110101000001110100000010110000011101110110010100011001001110010
00011011011100000011011011011110100001000110011101111010111
00010001001010010010111110001110001010011100100001110
001010111100001111011
111010110110011011011111110010010011101100111101010000110011100
011011110001001110111101111100111100000000101101000111101111101110110101101010111100100110000
0100110001100
01101000001110011110000100001001100111111110100110100001110010001110100000010011
111

0001010000100111110110110011111011001000100
0100000101111100111111010010101100101011000
0010100000101011
01111100100100101011110001110110011101111101110100101010111010010111001010000011010110011101011
110110100100010001001101100001111101000111100000000101110101011000010010100100101111
111101111101010011101101111101011000110111
00011101111000001111010101101110001010010011101010001000000111000111011111001100110001011101
1111011000000011100110110111001111011011011110100110110010100011010110101010100000111
1011100010000000010001100001101001001001011011001111101000100011111110001110000011000111010
1011101000011010011100001100110100
000111111100100011011010111010101111011101101110
1111101100001110010011010111000010110011100110100000100000100100100010011100
0000100101000010100010111111100101010110001111010101011001101
011110110110101000010111111101101110110000101011010101111101000100111111011101010010001010111111010
11010010101010001110001001101111001101001101101000110011110111
111011110001011100111001000001100011000111111110001000000101111000101101111011001011110001101011110
1011010111011111000001001010000011111001011110001011
00001000101000100001010010000010010101101000011101011100011000110100011111011001
001111100001001111111000111111100010001010001100011110101011011000111001100110100110
11011100100001000111001010000000110000101011010001000001011111011
111010111001111010101110000111000011001001001110010001111
010011010111100010000010111
11011111111011010011001100011
100000010100010011110
0101001111000000001101011110100110101011110110010010001111001111010000100101001011100001110
0001110000110100000111000100101100100001000100100100
01111110001000111100111110010
1011000000010101110110101010111110111101
101011010011101011000001101010101101011001000111
0001001100000
0000110011110010001000100010101000
101101001000110111100111110100010111100111010111100110111101000110010111111111000101011
11011111111
101111100011000000001011000001110110110
110001000010010011111010111010111010000010100111100111011111000110011110101001010011001001101011
11010111100110011011111101011100000110010001111001000010111001010000101110001010111110110
1100001101001010110010110010111001010
0011101000101111100111100010011010101101110110010101001100110101
011001000011011011
11011001110010010000
01111110010000001001110010110101101111101110
01
11010010010001011111001101111100010001111010111111111010000000
010110110000000110101110011011001101111100100010011011101101100001
111100000101010010010110110100001101101011110101101010100001011011100111101101
0110100110001010111101110000000000101010110110000010011110000011101001101
111011111111110000100011101011011010000011011111001011100011100110101001010010101110110001
111101001010010011001101101110011010000000001110100
10000000111101111100110010001000100010000101011110
011011011101011101000000111100101111000110111000100000100011010101101001101111111110
010010110000010100000111001101100010000
001100001011101001000100110110110101101110001101001010011111
011011111001001011001111010101101010001
010111000100111111101100001001
1001001100110101100001001100100100010100101001011110101011011110001110001110
01110000011001100
000100000111110010011
10010100001000111001011111000
111101011100010001111010010110110000011001111001
01000001010010110101011001010111110110111001110001100111110011000100101110010011001111
10111000001001001
0110001101010100111000100
1011011
0110000000110101010101100000111001001101000000110100011
0010100011101101111110000100101111011010011010000101001
10100001110100011001101
10100010010011110101101011111000010011110001011111010010011011001011110
101000101001110000000010101111110000111001010011101101110000001010101100100
110001010001100001010110110101110010100001100010010101010111101010111
10001001001100100111001100
00101100011011011011010100001000011011000011100101100001001011100001110001000001011000000110
111101010000110000110110001000000011111
100011100000111001110001
001011001011
1100110110010110011111011110000101101000000111110011011
00001
100010000010111000010001010011001
01011000101010101011000001011
001101110100010110001
101011100011000000101101110001010
00000010011001101101010001100101010000101101000110100
0100110100001000001001011010011011101010110
0110010010000000010001010001100010001011001110110010001
000110011101100100010011110001001001011110001010111011000110111000100110010100010011111110
00011111111110010111110101110000011010001110101101111011101011100
10000110100101000010100001101000101101000001
101101000100101111001000010011010011111000001000100011100001010100001010101001100001000010110
0011101100110011001001110001000011110101100001101110111001000000100111010000111111000
0000110011010001011000010001000010100000000101100000100001
0000001000100010001101111011001000001001011101000101001000000100110110001010100001101
01010100001
011100100010001100000101101011110101000001000001000011001011011001000100100
0001011010010100101001010111101110001110111100000111111001110100101100001101111001111111
0010101101100100101010111101001100111011101110001100000
01011111100101
001110110110011000110001000111101001000001111110000000100100010011001101101001001100001111101011
01111011
11010001010001111110110100000111111101110111110011111111011110011111010111011111100011
010
101010110110000010110011000011001011010
00010010111010110110111000110011100011
11010111101011101010111010110111100011000110
00011101110011111111001010101110001101111011011111010100001101001000011111001111100000101
0111000
10101111101011000101100101111100011110110101110111110000110111100110001111111000111
010111101001010111100100111010100100001010111110011
100001111001110000010101
110110111010100100100011000000100011111000110100110100110111010
001100101011111111011010101010
000011101110001011
100101011101001011010001010001000001001100101011101101100010110000010
0111111011001110001110110110110011001111111010110110111100001111111101110111101101
111110111111110001101110001000000111010
011101011011101010110111110101001100010011100010111
11000110000001
0011001000000000001100100101000010000111010110011010011110011001101110000111110001111
010100100000011010
010111111010101110010110100111110011101010110101100100111000
11001000110010110101000011111011110111111000001011101000100
1101110110110001010000010010000011010011011001101011111011101111110
11001000110010101100000011010010000111010011101101001101011010
1010
000101100100011010010001100100011011
011011010110100001111111
00011
10101110101010001011011010011000011110011000011100001000101011110011101011100010111111001000001
10010000000110100100001101101001100010101010011
10011010100100101000011111110100111100001101101001101111100100110011110
00010011100101101101000010001010101100000111000001010010000001011111101011101100010
100101110110101100011111111000101110001010011001110110100000011000000000100110101101000100
101110
0011000100
10100100110110010001110000010001111000111011011000000111001000110000101111000010010001000101110
111100000010010110101000001111111111111100010101001000
0000010010101100011100101111100001011011010010110100001100
1010000010110101110110111000000100011011110000011111011100111100
10101011010011000101000111101111100010000
10100010101110011010001
11000000100101000111000110001001101100001101001
011
11010011011000011111010100000110001110100101100
1
0110110010010011111110000101101001
00001111101111000100
010
10101110000100010110110011110111101010011100111100001000000111111
00110011110010
110000010010011001000110100110011100100000010010001001011111011111101000101111110
00000001011001101101011001111
110000100110100011100101011000100001000110100101111011101
1100000111001101010000000110101010010101110000101011011111110111000010000001000101111001110011
10111010001100111000101101000100010100010
1100000010010001011101110100000010110010000101010110110000111010111010001111100000110101
0100001001100110011101110110010
1011000000011001111111011
00111010010110111
010101011101111001001101110000001000001101100101
1010010000011100010000000100010000100000010010101010000000001011011111011
1000011000000001001111
1000100010011
111000101101001001100111001111111110011101011100101111010
01110010000001111011110101100100010101011110101000111011101100100110
01000101110101110001011100000011
00000
001001101101111101011100011110111001010101001001000100011100010101100101011101110010110010

101100110100000101111100001111100001001
111101100101101110100010101111011110000111000001101001101010001111111110110110
11001010101000010100100100011001111101001000111100011011111001110100011101010010000111000100110011
11000001011110110100
111
110010010111000111010110011100010010111110111000101010001
1100111011010100000110101000100100001111111011011011010000000110010010111101111000000110110100100
11101010001
1000110001111110000110100101111010111011011101001100010111011000111010001
000001011000000110101000100100010101111100010000101010110111110000101111110100101101000
110011000000110011001110011001111001100000001001110100000010101000111101101111010110100111110110010
1000001000110010001111010110111111001011010001010011101101111000010110
011010110010011010101110101101011000101100010000001001011010111110111010001101
1101011110000110111011
11100
001100001101101100000101
00111110110110110110110111000000010001
100010111110101101111001001010010110001001100001111001101001100111111011101
0001001001000101011100010001001100101100110100001010101000101000010010100011010010
111001101011011001101010011011011101001001000011101110001000110111001011
010101101101101001110011110001001100110101011110100110
001111111000000010001000000001101111001001000100010111011001100000010
0000111001110111001010010001010000110000110001
11010111101001001111000010111010010111110011111100110101
00010100
1110000010001000111001111001110101101010010011011111000
00011100111111001101000110111
1000000110000001011101110010100011010100
01101100011111110000110110100000011010001111001111101111010101001011100
001000010111110111
111011001111101000111100
1110010111101
110
01111001100110000110011101001111100010011101100100100111110001101101011011111111011011010
1
0011111110010001
10110111010110
00001110111111000010010100011111111010000011111
100000101010111101011010000001101110010100101100010010011010011101100001100111011010110
1010100001111000010001001000010000010111110110100010101010
01111100000101111110101000010000000110001110110001010101100000000101101011101011001
1010111100000100101010110100001110000101100110001111000
110011000111010
01101100100011000110011100010100110110100101110100010100110111011010101
11100110111111111100001011100001001110101001001101010010
01010110000100001111110110001111011101101101000111100001101
101100110
10000000110000011111100110010001000000001111000011010111101110100110000100
1100000110101
110100010
1111011001111010100100010101100100011111111001110001010000
01011101000111100110101000000110001101011100
010010100101
0001101
10001010101001100111001110011001110100001001101110110110100110111
10000001101011
1001110010111010011000010000011001110111110010100001010011100100
10100101001001011101000101110101000001100101011011001101001001111101011010111011010100000100011011
001001101110100110010011010100001100011001011101001110011100000010001
0001110011010110011011101
110101110000101110100000110101110100110001110000110101001011011000110100111011100001
0010101000000001011101100011011011100101100001110001111000101001111110001011
000010101101101001
1100111110000001101000101100010110101100000111101110111101100101110100010111110
1101101110101000101010111010101100100101000011001001000101111101001001000110
110000111101110011101010100011100110101110011100011011010110100000111
1011
101000000111110111110000000
001010001111
00111101110110111111111111011110111100111111011101100001010100010
10111000111010011001101010101001000011000011100011010011001
000010000101001
000011010011011001101111101011
000101101
000111000110001110100010100
00010110011
11001011001110010000011011001111001000100110111011111011111010110
00000101001100
11101001011000
011000100010101100001100000100100011010101101000101000111100101010000101100101
001111100110101000101001011011001101000000000000011100001011110101011110011001100001001111010001
00101111101100101010000000
010010101101111111111010111010011
11110100100110000100111111110101011101010101101000101110100000111110011
0111111101
11110110010110
000000111100011110000011111111000000101101110000010111101110001010101011100011011010
01001011010101110
11000101010101
100010110000110101101111100100111100010100
110100011100001001010111110001001110101001010100111010111011011100011101010110
10100111100101000100101111001000000011100111100111010101010111
110101001101000010011110011010011000101000110101110100010101101011111001101010111011100000110
1011110011110011010011110000011111000000110001001101
000100110000110001111000110110011111011011100111000110000101001001
011010001011001110101110110001010
01010100010101001010100101011010011101111110000101111010001010111101001101011000
0110000100011000011000010111011010101011111010101101001011100111100010000101110
1110110101001100000100001100011110001110111001011101111111100010100011000
00000101
110111000111101011010001101001010110010001111001001111011100010100011
111100100001111100101101010100010011010100000011011000111110001
00101100001011111001001010000001
01100100001110101111101111000010011010010111101100000011101001111100011001000010
11101011000100100111001011001100100011001110100001100011000010001
011110100110000
00110001111000111001001011011001010000011100101111
111
10011
1110111011100111001000
1001001100001010110011110010010100
1100100000111100010011010
1110110010001001111010111100101001101100111111101010111100
