547
11100111011111011011101000000000
0000101000111111100010010111000111001010100001000100001100010001101101111011010111110000000001
10011000000000001011101100010111011000010010000101010110001101101110110100001010000111011111
00010000001101100001001001101011001101000100101110000001010101011010100
1111100100000
00
0011011011101010101111001111111010101001000100101111111100101011001011100111001101001000
1001000010011001011110100010111101000011011111000010001010101000011001101100111100
11011100101110100101110000111101001101111010101011101110010010011000011101110011101111010001110
111100000101000011000000
1000100100100001101
0011010110111110011011010101001001100100111000111101
1110110110110111010110010111010010110101001010100000000101011001000100110010011010100111
00001011011010010111011001101110110000010101100110101010001110010100100101011001111000000110110
11100
100001111010111000011010001011101011010001010010
00100011010011000000000100100100000001001010
00111010100110111100101101
10110011010001001100111
001110011111000001100
001011000010100110110111011000010010011000101010010101111
110101010110110111011000000110000100110011000001011010000110010111
01001000100100001100001
10100001001100000000100111101011011010
10011100101110011001000011000101100111100100001001101110
111010010100010011011101111010010001001001101101101100110101000110001011010010011
1111111010000100011100011000011000000111100011
10101010001011001000010110001100011100001001100110010110011001111100110101
01000110111101011100100100011011110001011000
1110000001010011010110001101101010011000111001110010110111101011
010001110110110011011010010010101001010001110010100
01111100001010001000001011101000000000100100011000010110010010110011011110011111010011110
1100001001110111
1000101011010000100001101001001001111011000010010
00100011101101110100011101011100011000000011
1110011110000000110011011111111001011001011000100110001111111110100110101000011001011101
11100110101001000010
010010000110000101000101100111000110100
0101001100000101010111000
0
000011010111001101110000010001101011110
1011111010000001110
0110010001
111111010100110001010010001110111
101
1010100100000011010110010100100001011011001011110001111011000000011100001001001010110011100101
00
1000110011001001000101101101000110111101011100000001100000101100000101111000101
110101000101010000110110101000000001101001000110110111
101000100
01010000011101110
101110000100101010011100111101011101101100001110100011010011011000011111001000011
00101101
0100
100110010000001001001100001010001010000111110010011
110001110011011011110110001111100100000111101111001
11000011001001111100001111000111011101111110100001101000110101011111
01011001100001010011101011011111000
111101100101101010101000000100100100010011101100011100101111110100
0001110111001010100000000001110
01111001011010111010001111011110010011001110010110011100000011001100000010010110
110000010101101100101001111001110111101001000000001111000
01001110101101101001100
001100000
00111101110100011111011111110110100110101001110010111010001110010000011101011100000100
010111000010101111101000010100111100110101001110001011111001011111101010110110110110
0110110100111001010111111110000100000000110000
01000101000001111100110001111001010000010001010100000001010000101010101001100011
100100101011011100000111001110010101100011101
00101111000010000101000011010101010111100001010011111101110100100101111100110111010
00100110110110101010
0011001000100000101
01100011100110010101111001110101010100011001110001010101110000
111110110101011001010101101010010101000111001101000111011100
01100111101
111110010101010010010111000101001011001000101
011110100011110101
01001010000101100110100101110011101100010111000011001
0011101111011
1111111000011110101000110011110110001000101101011001100101000001001101010
0
100100101010101010110010011010001111011110011111111100011001111000100111000
10001110100010111111000111011010110010000111001110111100110100010

01110101011000000011101010110111111110010111110100000101101101010101
011101000111111001010101011010010101000001100011000100010000101001010010
01100101001111010010100110010100010101101000001110100001100100001000011111100
010110010001101111100110010000001010000011000010100011010011111001011000110111001111011110010
10000101000000101100111010110111000000011001110000010
00000010010111111100
111101011010001011100111010011111111001111110011101
0100010010001110001110010011110100010011111101
0001101011010110100110100110101101111111101100101100110011010
01001101000100001011111010110101100001101010101011110100011000100111111101011000000101100011
01010110100110001011101110
011111101101
01100110110000110111001011100010011000010111011100
0100111100101110101111
0111000101000111111000101010101111100010011101100000010000011110100001111000111100001
0001110101111101100100001001111001100001100011001100101110100111101101001011000110100
111011011000111100000011001100110101111
110101001110110111011010111110000110110101000001101111010
110001011001100110100100110101000111100011110100111111100101010000100
11011110001111000110000101011010011000111010000010110001000100110001100111010110011111010010010
1100100011011101110011011001001010001100110011110001101101110011100001100011100
100100110001111110110101111000100001110111010011101101010101110011001000100000001010001110110001000
111101100010111011101010100011011001010001100111000000100011100001110010011011100111001
00000100100100100010001110011110001110000111011101110010110111000010
1
000111100000001111101110110101110010110
0111111101010111110101111000111011111100011101000010000
1101100011010010110100011100010101011111111001010100000000100010
00101001001100
10001001110001101100101110011010110101100100000110110100100001001
00110101110110001111
110000100101101001111001111011011001111001011111011111001001000000111011011110101000100011
10001001111111100011111001001010110110010010101101011111110100110001111111001110
011011010001001001000011010111100000100011000000101001000110010011
1101001010000001111100001001110110001010010010101001100111000000101000000011110010
1000011010111010111000001000111110100011110
1000101
1111100011111101000
0111110011011000111010000111110101111100101011000101100011100100
0100100110110000101010011000011110000101110
011000011110100110
0101010100001110100000110000100010010001000001000
000100
0010100110010001100000111101101010011001010000101100011111010001010001101
00110110011000011011011001011001010000111001001100000000000111111
11011000000011111
100101100011101101000101010100111101110111011011111010011001011000011001110000110111011110111000100
1001001000010111010000
0110111101
011000011100001001000110011000010100101001010011111110100001011111110111101010101001101
011
001100001111110011000011110010111010011101000010011110101111011000110001001011101001101111011
0111011000110001100110111111000101000101100110001100011010000111000110100100
10000000010110101011100111100110100001
10110001011111110101000100110111000000101
0000101001010011001111110111100
010001110001
11010110000110100100000000001110100001010100111000111111110111100100101010100111001011010
010010010001100000010000110100000100011100110111001000100010101101000100010101010100001100
1110000111011000001111110101101101101111010000
1100001000001010001001101111111001111011001000011001011100
100111110100010011111001001000001111100100101101001110110001011111000111100001000
0111101010100001011000001100101000100011101100011011000011101100100101101010111111
11110100101110110101111011100011000101110010011101101101101000010011001101100111111
10001100110100000000010000001111011000010011011101100010111011
1111111011100001111111100100000011101000000001110101111100111110111110000111000110100011110111001
0111000
001011111000000010010100110101100100101100101100110010001000100001000010100000010100110000
0010101011100
101010111001010010000110100011011100010000010000010111101001001001010010100100010001001101011000000
1110001000001000000010110001111010011010011011001
01010111110010101110111001001100001100110111001101101111001011001100001110
0101101110011001011010011000111101001011110000011111000001111000
1011000001111000010011110
110110000100110001101011011001010101001100010100
1000000011101000001101010010011100111001001001100111000010101101100000011111100110010001010
111001011000101001101010110110000110011111000110010000101110101111011010
0001011010010000111000111001010010010100010110111
000010001100010110001010101110001100101110000011001000001100011110011
101111001001101111000000110111101000100110001011110110100010100110000011011110101101110001111101010
10001100100111000
00110011101101000010001110010000110010
11100001011101110011111100110011
0000110010101011100000000101000111100111001010101111010000111011101110000
0000111110000011101010101111111111010111101000
1000111000110001000010010000101110001000100111
101100100010111011110111110101010001111000101111011
011101101101000
0010110110010111001101
000110100101111110111001001110111100100000010110
101001101101111001001000011100110101
00110111011111100000101011000001110101001101101100110011001
0101100101010110100101001011110111111100000011011000001011010011001110110110111101010
01001000001000100101000001011011100010
011001111110110001111101101011111100111110001010111101111011100110101100000
11001111100100111111010101001000001001010110010100010001
011000111101
100100001001010101010001110000101110001001111010011001100101011010101010001110011101
0001110011001100101111010011011010001001101001101010001011010110010000110001011101100
0000111111000001000101110001010000100110001001011001000000100001
11100100111100101010
100011001100100100010101100100110010000010111010110111001010000101000111100001010011110000
1001001
0000101100111110010010000000
111101001110010101111001110000110101011011010100111101110101100101010010001011
00011110100101111101110
0101001101101110101110101111001111001011110111111101000001000
1001110110101001001101010110011100011001100001000000111
11010000010110
00010110100110001001001110001110110000110000000111000010011111110
00010011111111011100
11010111111111101110010111001000001101101011010011011110011111000101000111001010000000001101
000101000000
10000110000101010001010010110001100110101011000011010010010000011110101000011111000011000011011
0000000000000111110011101011100110101100110001001001011101
111001001100111111111111000110110101001110111110110001000001000
0111111101010101101001110010011110011010101
0101010100001010100001001001001101010011000011011011101101
010111110100110000010100010001001110001110011111111100010110000001100101
001101100100101011001100001111110101
01100100111010110010110010111011011
001111100011110101010111110100000111000010011100111111000010010101010010010000000010101011101100
01010001
011010000101010000010010001010100110001000001001100010111001101000010101000111001110110001
00100111000000100010111010000010011100010110111100101001
100010110100010
10110010000110
10111101000101100000111001111011010110011101110000111011000100001101010111011000011001001110
01111011011111111110101101011110011010101000000010101100111110
1001
1011010100101001000100000001000100100001010111001010011111
11
001101000000111100101010101010001100011011010100100111100100010010001111
10001011000010111000101111110110001011
1110101111011101010111101010101000101011110100110011101000
000111001100010111101000000101001111000001011101110101000011000011100001110010100011110011110
00000100111000
011111101011110110101000001110100010001010010
0000101110110111100110100111010110011111011010000000010001110101001010001011101
110011001
00110111110001
111001110000000110010110100010000001010
010100111
001010011010100010011000101001001
000000010011101111010011011110010111101110000011100001101
0100110000110010100110011010010011101001101100111111111111110101011
00110011101010011011110101111111001011111000101001010011011000010100001101001111101100111111110

0001011111000111000110010111001
11110110111101000001011111011101111010111011
111010100110110000010111
10011011011011010110001101001001000100110101101100111010
1111011010011001101000111101011000101001001001111
001101100000111011
00110100000000010101001111110000000000
10101011100011011010011001111000111110111011000000000100111001000111
11101110010010100011100011010011100011111110101111111110010001101001101101010001100110011
0111
001100101001011011111
1010101010000110001001011110101110010010011010011111010101100010100101011101001111
1010001001001101111001111101010011100101001
01110111000011001010011001000100000101001110111000101011100100
0011100110101000111000110000000110101
11011110001100100101111011101110110111000011110010111110101011111010001010000001010100011111
110000000111001011101010000011011011100
110011011010011110000011011111000100001000000111011101011100010000111100000000010001110
000100011
00101111110010000
10110010000001100000
011110000100100000111000111101011111
11110100010101011111001010001100010011011010001011101110011
1000110110110000011000010111000111001010101111000000011010011001100100011010101011010001100000101
110101000000010000111000100011010010110101010
11111011001000111111001001000011011101110011010001101011011010011111111110100001111
11
001111010010010011111101111000110010001011101001011000010101111110110110111110100011000
1010001001110100100111110000000011
100010100101011100100011011011000110100010101100001101110101101100011010100101011101
0111010010100011010011011000011000101111011110011110110001101010000101
11010101011111101011111100110011000000101011001100000101000111001000100111011100010100011010010

10001001101100101100000100011001111100110011110100001100101101100001110001111011011
1111001001101010010111011110101111100101010110111111101101000
11001101001010111101111000110010011101001010100010011001111111011110010110000010110101011001000010
1011000110000011011001011000101101101
0100000001001011010010101111010101001001110000110111000110011010100110010010111011010111010
0010011101010011010000100100001
0001110010110111001111010111110010100000010011000101101000100011000
0011111111001011101111010101110101011011001010011100010101000011001
001100010110101111110111010011100110101100
010001110100111111001100111101110010010100000001000100101000000110000111110000
10000011101100100011110110
010011001100000010101100
111110001001100100110100101001010110
0000001111111111110101110011100001100011010010111000010011101
101101101101110011111010010000111111011100
10011011100010011100100100001111100101001011100100111101000100111100010100010101010000
11110001000011001101010
010010101100001110000000001010111110100111111010101110001111100011010101111001010000
010100001100000101000010111101001011101010101100111100101011110100011
10110001
00011110110010000110101
10110111100100010111000110001000111000000110
000101100100011001101100011000111111001
1100100100010000111110101010010011110010100000110011010000110100000110111
10100001110000000100011000110011001001101110001000
10101000000111111010111101101011001100101110100100101100110100111101000001000
000000011110101001011011010

111101110110011100010001011010110100000010001000100101101001010110010110111111
011111000110011101111011101010000001100000010010010100100010110100011110111100100010
0011011111011100000111000
0101100111100000101111000111010100111011
100000111001101001111001110101111111101100011101111001011110110001001111010000100010000111
1011110110000110110100111000100101110000101101001000000100101001010110001111001110011011001101
001010010101010100101100000101100110000110100011101101
1011
1100101110100111
1110010100101110000010111100
100010101101111
111001101010011100011101101010101
1011010010001
011001001110101110010101110001111100110000011111000000010100011100111000110101101100111000000101001

110011000000001000001101000010001100010100111111001010110011100010111110011011000000011011000000
10001010100100101111010011001100
001000101101010101101101010001011000011
1101100
00001011010011110010000111100000011100111
1101000101000100001110
0000000011101111111100101110011100110011000001101
1001011100011101101010100110101100110100011111
01011000011000111010101110011100000111110111110110100001000101011
1111111001110000110010101101111010011011101110011010010110000000010010011010111010101110
1101111010101001100010001110000101010000001101010111111010000010010001000001010000111000101000
101000111101000001111000000010010100000100111111011100001101010000101111
10001111000010
0010101011101100100100000010000010010101101
0001001001
011101000011011111000000
1100100000101010
00110011110000110111011111000010110000111100111101110010100010010111
11110010011010010100000111100100001000010100001000001100000011100
000010010110010011110010010100101111100011100
01011101001011011001011011000
01000101010101100011001000010010101001101
00011101110101110111001100101010010111000010000000010110011000011000100011000101000001
11010110
001100010111011100000001011101100100011011011
0001000111100110001001011010000111010110001111100010001111101000101110110
011000110110011101010000100001101000110011100101100000101101100000111100011001000001010
10111001101100010010001010101011111001000110010001110010011001100011100001010000110100001100001
1110010010110001111001111100101100101101010101010111010011001000011011
101011010111001111101110001100010010010111100011100110111001001010011010011101100101001001000100
001111110111010010100011001011001011111101100000001100111010011
101111010111100011110
001100111101101010110000011011011110001010000011101011000100101010010000110011000101101110
111100000100111110110110110000000010011100011011010110011010111000110100011001110100000001011101
11011001010011
11010001100001011011100001000111110010110101011100110110111000111010
01101110100010000000010101000000001001110001110111111100111
0000101110010010010010
01110101110111000100111011010011100101001101
01000101100100010111011001011100101011110100111010110000110011010000011001001111001001010001111111
000111001101110011101101101111111100100000011
0010010111001001011010110111111110101010000101110011001000100111011101011010111001100100100
010111001101
0110101101110
0100111101100100110010111101011010111111111111101001010000001011011110000011110
011000110110110000100110100101110011100010101110110000111100011111010100010110
1010010101100010001110000101101111010101011110100001000110100010100100
11110010100111101111011100010101011001011110010001111110101001010101010
1001001001010000100101001101111
10101101011110000100110011111110011001101000000101111110100111000100010
10001000111100000111011000000001001110010101100001010010111111101100011110001111101
0011001101111
0110001101010110110101101110011111000001100000100110110011010000000101101010111111110
1111100010100
00001000001100000001101011011001100010001001001100000100001011
11010000011001110101100110001101011101111101000011010000101111001110000100001011100000000
1001011100100010110100100001100
0001010100000111101001000110111001101
001001110011000111111011000100101010110
10000010111111110111100111110011111011001101111010000000000000100011000110110000001110001011
0001010010110110110110111010011011011110110000100000010100010101110000010001111001110110010111000
110011110011000110001011110100011100100111101110110111010001010011111010010110100011001100100011010
10010001110111111101001001110011100111111101001010010110000100010110100010010
001001
1100000110011001001100110110100100001110010000011110011110011110
001110101001
110101111110100001100
111111101001110000000011010
101011011010011111101100001110111100
0101101001100011000010111011010101101101010010100001001001110110011110010100000000111100

0001110000101011000101
111001011001101101010000011100011001110111011000110011001100010100001
00011110001011111010010000001110001010000110000011111110110011100111001101101001101101111010
0000101100110110011100
00110101110001101011000111110111000000010
0001011000111110100110101110100110011100011000111000000
11110100100001011110010011001100011010
010110000110010101010001001011110
010100111111111101010101101101110000110000110000011001000000000001110010111010010100100100101101111
110000101001000011100111
101110001100010100010000111011100000110100110000010000101101011100011111111011110000
100000100110000000111001110100100101011000011111011000100000100010001000011100010
001
0110110100011001100100011000011001101110011101100011
1110000000011000110
110101101101110100100001000110011011000110101100011000001101
00001
00000111010001001001101000110111001001010011100110101000111101001110111010110010
100101111111001100101001
1110100111000011011100110000011001000001011110
110010010110011000001
1100110111110111001101011
00111100
0
01010111101000000100011111000000000101010011011000100011111000001100110000110111111010101111
00111001011000010001001001100000110011110010100
0101011111101000010110101110000000000110101100011011111001010111101000110
1110101101101110000111000
0001
0010110110011000111101101101101100110111111110111101110100000110100001011111001011111101100
01000101101101011011
01
111011111001001110100010111100011100011010101010101011110101011000101110001
110101001011001000110001010001000101000010011000011110110110011110000010110101001111101101100011
00001001010001111110001110110011101110100100010111110111101111010111100011
1011000000000
0011000000100100110011101111110011111110010100001000001011100110010100
00
01100111001011001100101100000
11101011111011011010111001010000001101
0101110001011010010010100111100001101111010
11011001100
00110110000100100111100110010000110011000101011000010110001111010111010001000110010010010111100011
111
1101011001100100100000011010110010101100110110011100110
00111111111011011101100001101100110010110000111110100010011001111100100110011110101001000011111100
01111011110011011110101111000101010111000000110011100000001001100010100000111101000101101100001001
101001110001011000001001110000010010
11100011010101011000010000101111011001111100100111
0101101011
01110100001100110010011101011
010101110111001111010010111101001011100110001000101010101101011011101001011011011111010
01010110010111011111
011101000000010101111011001001000111101001001110101010001
01001101101111000011110
1001100111111011001011011011100100100001111000000011100000101001111100010011010001001
111100011011011111110
011000101100011011010
01110010001111111

1100000010001000001010011101101111001110010
0001100011001110100010000100000001110110100111000101100110
0110010100111110101010000010
01111101101011101011010
00010111111011011111111110011010010100010010
0111111101010011000110001110001000110111000
010001011111011111000110110100101111010111010
1011111111000100111110101110111100101111001100011111101001110110010011100100111101001
00000100110000000011000100001001010101101100101010
100001001001000100011001010110110010011000101000
100001010101010011100111010110011
00101101101110110100100100011001000011100100010001100
1000011101101100010101110101010110010111110001111111110111101011010111001100100101
001110011101
11001011000111100001101000010001010001110000111000010001001111100110001011101011
011101010111111101011001000111101111011011011110100001000100011011110
010000110111001111100001101110001011111111100000000011100110010111011111100010111010010101001111
10000011000000110011011000011010010010011011100000010
11110100111111001100000000000010001001011010100110100011111111000010000111111001001100011
000101010111001110111110000000001100
11000100101011000110000101000001010001001100110111001101011100001101100100110110001100011101111100
10100010010000100010100100100101110110110000110111111100100010000110000010011010110011101
000100100100
10000100100011110001001000110011011010101001101110111111
1010000
00001010010100001011000100000100001
11111010011110111111010000010110010111001100111001011010110100010001101010010
11101001101110111110111001111001110
011111110001011000010
111011101010000110100100100101001110011100110001
1001100010101001110001010001011111100000111110100100010111111111011001101111101
1001011011110
0100
110100111010001001001001010
0100111101101001010100010111000111100011001000111100001011000011001001010
110011110010
111110100100101101000010001100110100101100001010001100010001001101010010010101111010000010000101
101101001111100
1011111010100

01110011011101101111110110001110110110010110010011101110101110
101100010111010000011010101001000001000100101101010100001011000100010110101001101101111001
110000011110010110001101000101011000001
01000000110001111110010001001101010001001110111100100111101110110111110111011001001001101011110010
0100001100011010111110000001111001110
1011111111011011011001110100111100101000011000111111110010000011010101
11110101001010010111001000101010100001011000100100100111000
11000101111100010110
1001111000
0101111001101100010110100100111011000010100111000101101110011101010100110010
111010
01110001011
111
110100010001011010010001
01110111100111011111001111010100010100110001
001001001100100010100100001111000000010010111010111101001010110011
1100011010100100000111100110000010100000100000111
1000011010111000100000111111100
10
101000010010000111001100100110010111010
010100000011010010101100000001000
10100010100100110001110011000100100101100000110011000100110010
101011101001101011001011110100011101110001110000110111101110100001
0001101100100010101111010100001101000100110010101110001001100001001011010
1111010101100000111011011110011111111110001000111110100010001001100
1000000011001101110000001010110001100100001010011101010010011111111001100010011000001101010010100
1010010011010000011011000001111111010010100101011100100100111101010110111000000101111001
1101110010000000100111000001011011100001101000000001100110101011001111110010101011010000000
0010000001110110010010110110000101010011111111011000101111000111110011010010110
110010101010000101010001011100010100111100000001001010101001
000011010110010110
1100110000011110011100111110001011111111010011000110101100010111101101010011011000101010000100011
111011111101111111101100000010001100001110101100000001101110010000010110110000
0010101011000001110101111001100111001000001001100001110110111101111010011000110010100100001
000
01001101011011
00110101100000
011001010101110110011110110101100
0010100010101100100111000010100101101000010100001000101110011100110110100100111000101010011001
11010101101101011000001101110010000010010000001110111111101110001011101110000
10100100001110001011001011000111011100110011010000000000011000010001111001110000000011101010110
0001101001011010111001100111001110010011101100010100101
10
0011

1100011011100101001101111111001001010100001110111011011101110000010001111110010
00111100111101010010111101010001101101111100011100100111011010101010101010000110001000101000
0110011001011010100000001111011101001011010001101100001010011010010010000101011011111000110
000001001000011010101101111000111
11000011001010
1011011000111
000111010100110011000001110111011001001011001011100010100001001010010000110010010110101
0000000011001
10110110010101000010010011011011110011
010111110101111011010100011101010001000011000110010100111011000111010110100100110
1011101010000100001011
101010110011101010000000010010010
000001001011010000010111101011001011010000100000111101001110100110100101010100010011011110011110
011000110011011010101101110100000111
1011111101100000111010011111001
000001100110000000010100111110000101000000100000111001100
10111100011111010101100110011000000001001110100101010011101001110111111101111101010
0111010001110111100111111110010100111101100110010101000111010000111111100000000
0011010101001110000100101101000001110101000010110011111101001100010111101
0000100001011010010110101000001011100011100000101000010110000100010100
101100110111010001100000110100011011110101110000
101010011010001011011010111011110000001011001110011101010110110010101011010000100
110011010101011111010010100
