354
010010000011111000100001111000100101011100111110011100101101011010001101100010001011001001001000101
1101111011
01111000000100000101001001010000110111111101111000000100111111100110
001010001101110110000110000000101110000111001011000110101111000101101110000101
01100110110001110110100001010011010000110011000011110010110101000100011000110010001001110000011
000011100111010
001111010100110100001001110001111010110101111100101101011111111001100
01111001011010011100001100
0001000110010010000001100101010000111011111111110100110101
1000011010011101111111010001111101110110011111000100
0101111011101100110000011000101011111001101101111010110011011
110000100110001100000011
1111001001110011000010011000001010000110110000100001010101110000010011101101000000
1100001001110100110001101011000100010
1110111011110110011101101001110001100101111101101101
10000100000101010111111110011000110011110100011010100010101
1110110100011111110111
100011110010001100011011100111101100011000110010101001001101010110111010001111010010110
10001011011110010000110111010100
01111110110111110100001010
10001011001011110010110011100100100001010111000001000010101111111100011111101110101
001001000001100001010000001010010101011011010
0101100100101001100010101110011101101110001110111000001110010000111
010101010101
10011010000000111011110010101110111
101011010010010101011110011000110011000011110010001010100110010110011111110100011010100111
01011000000111101000011001000100110010001011101110101010111010000010010111100100011
11101010011001101100110101011010100000110101000111110011
0100111111001111010010101
1000101110101111101101100011010110111011
111100100001011100000101111
1110101111100100001101011111011110101011100010110001
10010001100110101110010
1000010011000111110101001010111101010111111100000100000111101000011011001001101111001
1011111110101101011101000111001111000000101000001010110100100011101100000110001000001001000101101
01111011001000010001101011001101010101
0001110001011111010000
1010001111011101
1010110111000101111100
0
1111010010011100000001110100110111
010111
11110010011101001111100001100101101111010011010
1111100100101101001110000010011001000110000110011011
010100011110100011100
111101101
1000010111110010111011101
0000011100001011011011110010111101010011100000000010100111001011110101000010110
011100110011100111001110111001110100101001000101000000000010111110111111
1110001101101
10000110
1100011100111010110
10011101100000011100010111
1101110101011
010111000101111011111101100101001110100111101001110100111010001
10111010110101001000111110011101101000011010111111011
000010101001000000001010111101100100110011110001001101011101010100000
1000000011000011100110
011
01101001101011011100
010010110000111011101000000010010111011011101000001101000010110100010001000100
1110110111010
001011
001
00100010101
001010000111101010011000011101100010001000010110111100111111101110110
00111001101011001
0011101111111010000000001010
0100100111001101011101001001000110001000001110111001101000111010101101010110011001110011100010000
1001100000110000010011101000011101101100010010101101011100110101010100011101
1100100010111101101010000111
1011100110101000101010101100111110101000000110
100000010011110000100010111100111001011001110100110010101000000110001010000111100001100000011101
10010001000100001000100100110010111111001111001
00011110110000011101111000010011001000010000010100010110010010100110010110000011111001001
00000101000001100000011111100101101001111110010001000101
0000010001111101111001110011111
1010000101110000011011110110101011001001010011000011101000011010100000
11010101101101101101010011000100
000110101111111001011001111100100001000011110101111111101
00111001101110110101101100001000101101110001111110101001100010011
11010110111101011101011101100111011

1111001001101001011011101111000
01000010000101011100000110110101001000010111011010
000001
1110011101111000011
01010001011010010100001111101010110101011110010
111111001011101101111100100
00101001111110110101011001100101110110010101000110111001011100001001000101010001000001011
101010100000111000100011111111000
00000000010001000111011110001110111001111110111100
01011010011011110100101100011010000011000011111010010101101001001110100110100011010110000011
1010101011000011101001110110001010001101110101100000111010110101101111111
10110100101100001000000100100011000100
1101010111110101010101100111000000101111010
100010111001010001111010111101100111
001010010100111110100100001101101110011101111101010100100110100100100010110011010101
1100010001100000101111100101000010000000001011101001110001001001001010111010110
101000101100011111011111001111111001110110001001010
100011101001001011011001110000001101101001110101000110010010001100110011010001100001010
01101011000100111110000001100111100110001010101101100000011100101110
1001
111110010111100000111011100110101001100010010100101000
101010011101100110011111001110010001000101111000110011010011111000111100011110100100
110011000101110010100011101101
00001111011110011010111001100001011010101011111001111111001111100010010011010010110111001010001010
1010011000101001001011001101101100011100001111001000111110110110011000101111
001010010000
0001110100110001000011100110100101011
110101111011011110000
1101111000011101010111001100100011000001011001110101001011111100011001010101000111000011111
00
11100000100011011001011101110101000010100100110101110100
0010100010100001001110000011111000010001101101000111111011101000011110110000100101100111111100101
110011011000010000100000101100001001010101010000001110010010111110110000110001
111100110010111
11110
1101
100010010001
0000
111101101100010101
00100010000011100000111110000110101110101010010000001111100
0010010010010011000011111010
1101010101011
1011011011010111101101011111001010000101100100000001100101010101101110110010011011
1011110001010111
01001001001000000100011001111110111
100010100001000001
01001011100
11101011100011001010001000110010110110111011000101110100110111111
0010101010000
011011011101110011100010111011010110001010111101001100000010111010111
01001110010010001010110101101101010100000001000010001100011111000111000010111111101111010
110000110011001101101000001010011100111
1111000001111011110100101101011100111010110111101001111010000
11010001000001110011010000001010010111100000010100
000000001010001100100111010100111101001001010010011011110001100111000000011011011001
1100011100100001101110011100001101010100
0010100101110001011110101111100000111111011001010100101100011011110010100101011
0110001100100010100000100111011110000100110011000000101101011
11000110100001000101
11110011110110010101
0110110101011100100110111100110000101101011100010000011101001101000
010001011
1111101000100100110001100111101110111000111101111001110101011001100110101010000111
0100010
000100100011101111101001100
1110110000100110001000011000010010111110011010001101100
0111001000111001100011001110001100010100110010001011101101101
0011001111011010000000101
0110000100101101111100100110001001101101110100011111010010100110000100001011011100011011011111
000010010010011000010011100001000011110000
11111010001101110100111001100011111101
0011100101100110111010010010111110100011111000101001100011001000001101000
110010100000001101001110010101101100000001101010101
00111111001000001011110100100111000110111110100101101011000111000101
11101110
111000000001000000110011111101001001000011000101011001110000011010001011000101001111000000
001101100010001101010110011010010001011010001010011001010001010000100011001000101001010
0101100010011011001
1001010110011111110101010111100011111000001001010011011010101101
10011000
10011011011011100100101000000000001111101100110011110111111110011111111100001000000000111111
11011010110101001011000101110010010010101000101010001101011010011010000110000
0111000000100
00010100110111000100000001111011111001100001001111001111010101100010110000110100
01110110000000000100000000011110001110111110010110110000001100111100100001
00110000001011111
1011110001011001001101100111100010110100111010100011011011101011100111111011110
11000010001011111111
110101100001110100011101000100100010110101001001001110010110111000111000111101111010000
10010110000111010001010011111001011101001110
000100010101001000100000101111010111100110001111110
000101010001001000010001101100111000101111001010100000000010010000100101110011
11011000111011011100011
11
0110
1010010101110110000000101111011001001010000101111011
00
101100010000101100111111010011101100001000011001111011110010010010001100100010000010110010001110
100111011110011010
11111110101001011111111001101010101011001010101001101011001111110
11001000
001010
0000100001111
100110011100110000101100110100101001111000001110000010110
0010110001111001100010100111
111000000010010001101000101100001010011101000010101100100101000100000010101
1101010010010101001110011011000
11010111011000001100010001011001101000001
010100011010000110101100011000001000110100101001101101101100
0000111001101010011000110100100110000
0111101111010100100111111011001001100100100101001011110000001001101100101110000010101011000000100
1110111001010110001010110000011101010001100110111111000001100010111000101110111100001100000000010
111001010
0011111011000011010010110100100011010110101100110000000011001010001000010010110010
101
100110111011011101111011011101001011010100010000000000001011010011110101010000101010110
000100100000101001111000001110011110110011101001001000111101
01011010001100111010100110001100011000
0110111010100101
1111001010101000101001001000
111111101100101000111011000011111110011011010011
0001010000100
11010010101100101111101010100101011010
11110001110110110111
00110101010000101001011101101001101000101111011001111010
01110010001111010110101000101000000100011000101111
10111000
01111011101000101000111010011011011001110100000111011
101001101110101111101001110110100110010011100110011110010101111101110
11101010100011000001110011101000110011000000011011101110110011111010111
000010110010100011101110011010001010001110011000100
100001101000101010101101101100000010100111
101011011000
010001100110110101100001011010111101111000111111110110101111000001101111110000111101
101100011011001
110110000000110000001001101100001000110110110
10011110111100010110001011011100000110100001
10010110111101010011011000000100011101100110010
010010100001101010111110011111110011111100101100011011010011111010001011101110
001100100101101111100011011011001100110100011
0100110100101110011010100011010100000111110001011110010
10000100111111010010110000001111011001011010010110111001000101111100000110111100
110001111111110000011111010111111010010000
11001000
1101110111001101000110010001010101
0000011100110000010111011101101111101100010010100
0000010111000000000001011001110110111100011001101
00000100011111000011000
0110110001101000
100110001010010011001101111111110001001
001111001000
00011011111110111011011
111001110011011001001011001110011110010101
111101010001011010110011010000011001000110100011111000100100010110001000110000011010111110001101
00000011001000110010001101001111100101000010111010000011010011110
01100011100111100100001001111110001010
111110101110011010010111101010100110111110011000100111101011101111111101100010010101100010100
111111110000011010111111100010010011111100010000111010011011
10000011110110101001110
0100010111100000010100110100001011100010001111010011111100011111100010100100000
00110011
000000011010001001101100000000010000111010110001111000
10110011001100010101001010001001001001001000110100001001000010000101000001111010
1111111
00110011001010110100010101010001010011101101001101000010011001101000
00111111100101101011010011100101
11011010100111001001111101101011110010101101001101100011010001101110000000001011
100110101110010101101001111010000110100011100010011101111010010011110010011101001011100010111
00111001110011111001101111110110011101101011100111100100101111110
01111010000010010000101011000010001010010110011111001001000011101000000110011111010011
1010100011110111001001
011101100110100100011000111100111010011011
01010011100101100010010101111000000111011
000001111100011111101101000001011100001010110
1111100010111101001100110000011100000100110001111110101010111110100010
11101011100110100000101110000100001100010111100
111001110101111
1110101001101100001000011011100110011001010110110111100011111101100
01101001110010110101110101011110010111010011001010111011110100100001
0011000001110000011111010101111101010100111011011100110111010111110100101
00000001001110011111001011011011111
110111001101110100100100011101010101011100001000111101
1111001110111001001101010000011011001111100100110110100010110100101
0101101110011001010000100010010110
1100100011101000000000010011111011101011101010001110001100100000011
001110001100101100001111010110100111001011000101101001111000111101001
11101001111000011010111000100011110000110110001001000000011000110000010001111001101111110111001010
101100110111010010011100001010111011001010100111101101111100011011111010001111110110000011001011110
0100010010111001011101111000001001011111101110001110000110110110001101011011010011010101101
0110011001001000010001110000001000010011000101
010000001100010100110100101010010100110000110011011010011111101101000
0000100110011111011001000110011100100100011110010011101110100000001
10010011110001001101110010111111001001100011111110110010101110000111010011111101100
000010011110110010011
101000110110110010110000111111100011011101010101110001010101
1011111110000
01100001000100101110010100010011001100111101101000111001000101110100010000111
11101000101010100110100001000000111111110001101101111000101001111001011100011100011101000101101110
001000000001100111111000011111111101100001101101011100011011110100010000010
1011011000010100110100010011011100000000011100010110001110100000000010100110
101111010100000101010010100010111110011011001111111001101110100111100110110011
1110010101100000111
100100010101100111001110
01110111010
01101000100010101101110000010111000111000110
01011101011101101110100100001110010101110101000101110110001110
00101000100111011101001010101001001111100010011111111000110001011011111
0100111111100110101111101011110011111111011111001110101110010100101001101100111001011110001000111
1110101011110001011011101111000111100100111100001111010010110010
0101010110110111100000001111011001010000101100011111110101110010111
111100010
1101001000100000100111101000101100000111111011100101
011011111111111
110011101010101110000010101010101111111111001100011010001111010010010100000100001000101101
0111100010001110010100011001000100110101100100001101011010001111000110010
1011010100010101001010
11110
1111110000010001110010011011011001111011111000011111011011100001110000110101001001111011101100010
000001000111110101111001010001101110111101001000101110000111100101010010001011101110001001
000010110010111010110111000101100000110111100010011000001100001101011110000001110010111000010010101
010011101111001001101000001000000
00000000001100010011001100110011100111100111110
0011101011101100000001100110111001100011100010111100001010111001000101001001111010101111011101010
00100
101101010
10010111001110101001111000100100100100011001101101001000100000011000
0000001000111001011010011011101010100000100001110100001101101100001110
110001101100011101000011001011010111110100001110111011000001100000111100110100111001111011110010000
0100100101101010101111011010111110111010111000011111001100011011011110100100000001010111101
11001100101100110111010101000001101010
1110011110010111000101010111001111
100101011001001011010000000000010000110011010010101101110110010010
01111011100000000101010111101100101010100010011011101111011
1000001111000100100010000001010001011100001101110101011101111110110111
1100000100110001000100101111001
01001
00010111100
0110001110101010000001110100001111111000000000
11110110001011001
0100001011000101011000011001000111101110010001100001011101100110011011101110
01001001101100100001001010010011000011001010110010100000100010110001000111110100111
00011111101111000111101010111001
010001000000100000001000001111010110010
1110101
010001111111
00101101101110100101101011000
11000101000001110001101111111001001001010110110111100100001101
01011100000101000101111101100010011100001110111110111100110001110001111011110000001
111000
01111110001000011010101100110110101110011111110101001110001011010010100
1001010100111100111101110111101010011011010011011011001100110010000011111000011101001
1111111000001000010111111111000001001000111110111111110100101100011101001001010
0100011001010001000100001110101100110001110010001011000
111011010001011000010101100000010111000111010110010000001
00101101010101110000010011011111111000110110001010110110010100110111001
10000010010100110000111011010101
11001011100101010011101
011101101
01111101011001011001100011110001011011101100110110011111001111001110111111101101110000100000100
000010101011100111010110111111111001101001000001001011101111011110001000101011000110000001011011001
1010100111110100010110100011000010001010111000001111010110011111100110010001100
0100011101010001111101110011
101111111001100010111011011111111101011011110011000100100
000110000011100010000111100110111101110000000110000101110011101001111011
010110
1000110011100011111110010010001011011011
001100100101101110000001100001001000101
101011001000001001010110011010001011000111101010100011110101
11011111101010010001000001000101011111100010011011111010010000101110110110100101100001101000101010
10100101101100110101100100000011000011011100101000111001110000011011110101111010111011100111
11000110100110101111111000001111000101111101001011
