201 231 329
893 182 729
433 290 816
500 600 800
812 103 618
499 542 838
490 588 784
586 314 686
324 88 642
198 1 396
514 482 908
385 462 616
34 20 65
34 32 60
580 800 840
199 164 978
425 594 608
126 59 245
263 274 449
233 278 374
265 121 516
195 96 378
175 98 336
356 1 712
287 365 443
412 496 658
377 270 704
999 453 744
378 1 756
730 50 350
460 552 736
325 72 646
465 337 515
372 140 628
735 45 272
280 376 415
424 448 720
109 556 769
628 339 820
343 226 748
26 20 48
748 196 414
384 637 790
390 468 624
252 568 738
99 1 198
124 1 248
182 140 336
998 256 460
413 22 427
203 85 397
129 154 207
75 2 150
143 110 264
520 400 960
727 824 976
373 504 550
86 32 169
52 71 76
99 2 198
136 142 232
205 688 887
119 142 191
462 24 556
0