65 32 126
17 320 622
599 564 633
950 764 808
469 2 938
290 68 576
265 46 528
440 528 704
241 532 796
13 172 959
314 340 528
911 488 515
50 60 80
72 17 143
409 70 815
476 208 929
55 66 88
555 666 888
68 64 120
8 8 14
568 506 761
299 268 723
594 61 571
459 225 890
584 212 939
359 202 689
445 1 890
583 560 578
419 502 671
184 3 998
968 374 843
68 58 123
917 32 467
265 115 411
5 6 8
977 100 572
175 1 350
265 167 503
813 133 475
673 913 920
488 2 976
485 497 833
293 136 570
871 282 837
497 303 334
185 208 306
360 38 719
229 120 442
900 22 564
527 496 930
369 162 720
605 726 968
122 44 240
457 102 198
400 480 640
479 131 949
195 198 336
183 672 818
292 384 440
408 627 770
583 616 990
221 208 390
13 10 24
0